"V1" "V2" "V3" "V4" "V5" "V6" "V7" "V8" "V9" "V10"
"1" 0.378017126188857 -0.913049927677612 0.369913644135089 0.217881041945194 0.580817801363797 0.213255137156389 0.878022858881296 -0.645800112697771 0.478975089868222 1.24951094242152
"2" -0.446082903123517 0.332425642104598 -0.577412701742938 -0.510370811170109 -1.12084487139465 -0.461772901562309 -0.55577706191749 -0.763396827194302 -0.00882695837645082 -0.909258566695389
"3" 1.62247925890291 1.35903650713377 0.50501787651168 2.4286073100188 1.59040209163544 1.13979381297913 1.12763645709069 1.33122499117732 2.98637523362084 0.709703351478221
"4" 0.408679140186248 0.385513600943456 0.183604349322343 -0.367104910122775 -0.415511469018558 0.0244306491114126 0.512985084211119 1.44964185607193 0.870474131524304 0.424309073104418
"5" 0.00285952474378373 0.532223611952314 -0.112178294020014 -0.351419435381505 -0.252285157672797 -0.0221877152182801 -0.145454336669896 -0.679181941773744 0.70440796833803 -0.837900501180051
"6" 0.188994611021928 1.25498228807971 0.078878595724152 -0.0333201699385447 -0.757498765929594 -0.617018767366675 -0.0695542779418823 0.234015611272994 -0.33450428006748 -0.938466347448623
"7" 2.79679773830376 2.43562941030122 2.39719513663364 2.06094658283022 1.76846055572819 2.33639695008117 2.56427921980765 1.53371598230623 1.80874494852006 2.27449413145642
"8" 0.209515201432625 -1.08085666224333 0.140724498253363 0.812568917103137 0.344689954387317 0.54651674997625 0.140954364255089 0.280460800144732 -0.894233236497009 0.215955474800421
"9" 2.02596993318284 0.990055142502978 2.64777786743243 1.37436936631207 1.95111574814563 2.43193791203244 2.27467409336681 2.49014696464623 0.385523223255502 1.58375148078725
"10" -0.0870481992716869 0.706045919636578 0.162852948026487 -0.164312948112157 0.00353210747548076 -0.0647173265104117 -0.00870415433913907 0.65327243359706 0.171176032719761 0.253149532817613
"11" -0.00691491640489621 -0.55823319021281 -0.177267057352871 -0.32066857156771 -0.0350769063856921 0.105711995028382 -0.249592438550524 0.489163684623761 0.405396138345286 0.00422881645898356
"12" -0.0310923884401428 0.570011771641069 -0.0192582272774147 0.333557909721494 -0.167112025329045 -0.0176465951779929 -0.0141144797055934 0.655163208542723 0.631371066935307 0.187871952163942
