"V1"	"V2"	"V3"	"V4"	"V5"	"V6"	"V7"
"1"	0.105796853330157	-1.19493874148026	2.11556221327113e+22	-6.4133601109836e+22	266942998796376	149730876.521254	-900915675717.694
"2"	0.107120999647634	0.50388763489573	1.91963242293717e+20	-1.80728511363273e+21	22606220181055.5	2748253061.60766	8130572854.44077
"3"	1.1280549385921	-0.122395517033031	22795222487688753152	2.14351324572024e+22	468497610174692	-381940914.560762	-446305950861.345
"4"	-0.0849009193022789	-0.042207507261104	-984844840402791808	1.05263767186548e+21	-10579932540843.7	2257915860.02937	27449895110.3285
"5"	0.622952974904912	1.67413843542353	-1.36395147067694e+23	1.02880194115146e+23	183860834051986	539070488.741549	21950447167.6646
"6"	-1.24224132337332e+26	-2.87810313395925e+26	3.05321352401469e+39	1.39413240880455e+69	69756876777627	4242234684.32628	-154100506454.311
"7"	-0.00565418072324847	0.0584469011066244	14555518307520188416	4.31710318880443e+20	-7733097250683.71	248150649.518871	1203418925.50592
"8"	-0.222044753101488	-0.527445536373664	1.80534483651946e+20	9.12525283131751e+21	110336107490034	1689546180.43439	68463113135.8397
"9"	0.0548419378050975	1.79811775295329	20972618035543154688	-1.6428740197202e+22	133516658172597	2918106457.75562	9296791525.53388
"10"	0.254733727525177	0.091403686504101	-235651945688714656	1.28174478247861e+21	111694129714804	165552669.382777	27449136694.5209
"11"	-0.114069087745459	0.567034284661953	62667022552806170624	3.5829011016895e+23	139542498379995	684278932.68656	85498617773.3152
"12"	0.092423887724257	0.249917774975455	432975320916970560	25807887976337145856	-180876714845482	75274877.1630379	6459734208.41597
"13"	-0.0143721743225716	0.00469106429624393	-50783967675549512	-8.043404378913e+19	16693433202415.9	795687539.326241	17754890238.1343
"14"	0.184678311007241	0.608308819302909	2.54952902629985e+20	6.37038480250859e+21	117490259861956	2913834694.69679	2363464977.16936
"15"	-0.0335750797834553	-0.0855309481033459	173206048532855360	1.15715731740669e+23	2409863650937.24	1708179955.69449	24510785956.6654
"16"	0.530016870057093	0.430216081415845	82011952842666459136	-1.70761123555884e+24	107277752178124	644345040.582653	50705597929.822
"17"	0.126316467812381	-0.00138367885611762	-3360721616437040640	1.64827129533981e+20	94824617172261.2	524010264.316209	31041668427.0653
"18"	0.53440339645502	0.00968990087119474	-1605710374274289152	1.015760826591e+23	111294250166697	-28916544.1454323	30453042962.814
"19"	0.96761228987694	-0.524382437137328	-7.71207265158942e+20	5.85558864130793e+22	269717968030833	305157390.479816	167841386146.326
"20"	0.0976860035021385	0.034482394777371	1324943702285154304	2.91281111944154e+20	57818534493807.9	452851492.364485	41555778808.9984
"21"	-0.116532564503635	-0.075221212746083	-16306950519840131072	4.93073013824151e+22	48310301383847.7	2906525702.9768	61086454749.9324
"22"	-0.0196890879827432	0.020213785439677	-10113793900047714304	1.68187077107109e+20	-58246605635985.2	223879143.163187	6488303955.21814
"23"	0.614732242212704	0.0896441990148981	-385375352307106496	2.33446477104732e+21	312510858904186	-26466700.8294555	257708893321.846
"24"	0.193215899216875	0.36907580024238	-71269704533875449856	4.23892012223676e+21	92209412409694.8	3133087380.99919	9278736282.77906
"25"	-0.0604352785553893	0.109937050739165	-893350397189132416	26173319017623478272	-18444622251469.6	1501456305.17775	17535088867.0386
"26"	0.210376619653769	0.137602616312218	3549822505314290688	-5.39935528909266e+20	137745570264043	436980411.078556	25071992217.3415
"27"	0.0498047175129768	-0.23404524856016	7.26336401199232e+21	3.14866944379853e+22	122712594899968	731675573.180901	83254119745.5093
"28"	-0.0929840449485189	0.00438075876212491	-1690748676075286528	2.68973760129801e+22	93668067815193.2	302861244.237956	41161611747.0416
"29"	-0.203464261562447	0.30147066224001	-6.34188114219198e+20	7.73910027546829e+22	87567170579269	829535452.061845	59150707828.6087
"30"	0.469320125626024	0.0308468331941152	-9155127578305645568	-1.11643274392613e+21	842116420806314	-550186271.166378	-44651085108.9779
"31"	0.0355112354605993	-0.0034663949463239	3484416068639576064	1.87681799749583e+20	77487215135443.9	227282191.503326	37763551488.5605
"32"	0.162207211478233	0.526762021496647	16892589628772368384	1.44862362270056e+23	38996062770567.3	2789912133.48964	4145918537.92305
"33"	-0.138875624550486	-0.83723870222058	3.20563257188387e+21	-7.82374605105622e+24	116152246968093	334205823.767078	65971733298.9316
"34"	-0.00621706429496792	0.175537692146981	-56564434128339935232	-7.21315574455913e+20	-197384455091382	31144417.7194944	9586640607.67744
"35"	0.359234397486186	-2.35613442016572	-3.59247767448552e+20	-4.37984947165741e+22	86206096067549.8	577912949.553789	39201946041.9259
"36"	-0.0440575643533286	0.113901570586311	1948834314201512192	-3.77442278430633e+20	63447088276124	4471693861.7178	23318093433.0396
"37"	0.193073836911055	-1.71091066877466	2.30987866151985e+20	-5.48078379247414e+21	230715571516505	885070708.540844	240684924987.599
"38"	0.579989973925753	-0.0971922166929761	-10332098853331681280	-1.19979823907738e+21	294194184132966	-286334369.459201	-118594139173.055
"39"	0.258577823130168	0.0199095551773188	150090295172570656	-9.17592375812868e+21	272857435103650	26680611.985096	959410965380.089
"40"	0.329659139758231	0.00495355568085585	1.08255123821881e+20	93621471360206716928	264126851767583	-124645552.206599	146915940001.403
"41"	0.173021778442963	0.0043402330333507	-11237737259625506816	3.22824028909715e+21	102004308870802	-134954256.219752	40670203772.2698
"42"	0.053627986809485	1.00870554636786	-8.29302548748703e+21	-8.35968583100032e+23	125852334863392	636847524.293427	57818314434.9533
"43"	0.238681815260407	0.0319913476735649	862238577839602816	1.39178180338457e+21	19745683734275.3	736232746.645837	6619048719.12974
"44"	0.247927202569852	-4.59057936173141	9.21823640663003e+20	1.81980204607379e+24	245377245219653	30241578.6171237	383853082289.968
"45"	0.19882856682753	0.937835174949869	-1.8390251350065e+22	2.47068922321447e+22	53894747608369.6	875153999.962791	12319739462.8985
"46"	-0.257756078028252	-0.625783111018449	9.7363399762911e+21	1.28957219853176e+23	275419933016458	231961683.30799	-266665434763.531
"47"	0.248164508716309	0.0348902144353808	12207111641149302784	2.74065773928744e+21	-15323341378058.3	52090134.4102428	26583125614.264
"48"	0.93180534428401	0.232379939991519	20971046420895805440	-5.31713861711382e+22	5606018155299681	-456605827.153156	-47325922619.2197
"49"	0.273419509427595	0.0160415848893812	128822023048323488	-1.8109220123199e+20	131938716908189	108946315.004934	62596196225.8061
"50"	0.0880236033914964	2.49615312068468	-1.07049000729648e+20	-2.02728658259737e+22	102317475594256	905876586.590448	33762536861.0351
"51"	-0.100761753893556	3.30490792687494	4.10637836856564e+21	5.0381206529164e+23	452804034069459	62393906.6850462	-89950635544.9616
"52"	0.359326519922458	-0.0141387830082451	-446170063881214272	1.51473505570427e+21	128131184032510	342250395.645666	41018252430.8458
"53"	0.361509899377289	0.386121346296834	10121235604623742976	2.76507035776069e+20	205802767813913	176938014.335572	20487928884.1646
"54"	0.0272129871612059	0.726416258987276	-1.45357959915555e+21	7.17357863586661e+21	83257354251646.9	1429918013.03402	56926521492.0175
"55"	0.194224704423576	0.0591250299311258	1277813384015384064	8.67943450040322e+20	542017274688018	-136713724.996017	-362369403080.807
"56"	0.748190879745157	0.296853172829585	3.0619069978725e+21	5.77023629241594e+23	356472176398918	121285885.039046	381096888557.624
"57"	0.266851747976576	0.0150986698570143	-82035522270756257792	-5.20075400673688e+20	21679595990622	379242955.489517	22930016276.8895
"58"	0.064438884427964	0.164821721742004	2255822408210213120	-2.11096537475866e+20	-134642850208036	88483511.9407624	9816929682.73095
"59"	0.159172424228926	0.362728616775826	1.72435680234385e+20	-1.98848264441695e+21	66568807080463.9	3130307730.01469	-1254940696.2946
"60"	-0.104634745984876	-2.29517379617532	68679245552485703680	9.83278019963294e+23	254995694941171	349863956.527627	341615548596.991
"61"	-0.0806890440489526	2.8058667561097	1.91430390070868e+21	3.54316046074928e+24	224846119371164	126628234.975325	142031689932.864
"62"	0.0277715632890018	0.0996589657212492	-41908084059457060864	1.06924361393189e+22	60027627241483.6	3402510109.66566	33513157267.3404
"63"	0.410753443356149	1.42744411659304	3.5684849642726e+19	3.45006791224124e+21	140598831718253	2162950616.58245	24033299236.0286
"64"	0.0329770465436864	-0.0505224245329207	64662024593109992	-71727752919435771904	61334795729331.1	471792552.357367	46084960792.2718
"65"	0.166325323941374	2.32149855235593	96029412194747678720	-1.99843282955871e+23	141458717509334	657682709.771502	76387051209.1567
"66"	0.155560594264779	-0.0795223374307972	-3022071129089009664	-4.69091941448981e+20	502609672419199	-235471326.254609	-55237869724.3216
"67"	-0.0240152980813356	0.0495740852588633	75063567639328407552	1.50688786064762e+24	95295590234007.4	1572984798.98992	57071835100.7657
"68"	-0.0611322265072188	-0.0910390181915379	10258002291450912	-4.58030798393959e+21	13631268358140.9	952128257.258627	12473046101.0068
"69"	-0.316792101311231	0.0134235612754363	-4.77594429154364e+20	-8.75256584302138e+23	333357265405532	303380482.618979	188889331052.438
"70"	0.165552211872823	0.486367959112488	3611330333174126592	3.156870647194e+23	181034737256790	5940598776.12844	-5842781816.15659
"71"	0.874220894628145	-0.109798297872843	39136166128898580480	-9.9442152996102e+19	628626693775025	-327306100.190541	-125894342960.467
"72"	-0.235723553636989	-0.0454200160703435	-1533929256483293696	25901121201550864384	256823945900653	-79478545.0700756	-110937453376.6
"73"	-0.00600879064251127	-0.204054909205631	44048497169795907584	2.59351440239261e+22	75522736949636.5	1469109074.55178	41761412672.2163
"74"	0.107334805113447	-0.338743956049961	6.52046824744885e+20	-4.76221504752471e+22	97642488008144.9	1948822279.9469	55042849924.4548
"75"	0.182159858378818	0.462257253325452	-46026867942050848768	1.75913825403327e+21	113473467065174	3580750583.49835	15955110160.1021
"76"	0.175600143369933	1.05817030587396	1.56152705019318e+21	-5.27080236578909e+22	248991908169721	918465338.656191	339465744800.646
"77"	0.805810803802354	0.10933062153073	6786294632680636416	3.66846743690543e+20	505385256831830	-336535867.310842	-45998032258.4321
"78"	0.157066409385117	-0.457788371150503	-8.31280657903656e+20	-5.50658195689096e+22	174998543716768	329802268.518901	102116678741.367
"79"	-0.229092427617914	0.0628640481579538	16872293763321507840	5.4125285141013e+20	215628935014601	-111700423.501125	-94525419308.0821
"80"	-0.537375307631751	-4.85513507485401	1.57448440464261e+22	9.83007876849098e+22	327656114848088	40088765.9618474	-480426992134.014
"81"	0.105547630241745	0.133797415437408	-2.30176849148423e+20	-1.51220568865178e+21	94995671009600.5	4501784666.2036	9506845829.24536
"82"	0.185022290429348	-0.103741925730649	85580690917340217344	-3.54875379711911e+20	13334035154910.6	6345045.03545608	15100475323.1413
"83"	0.234960459278771	1.43538611425799	-55810250356136484864	2.99528739115458e+23	204867886527618	383006346.499538	118341025722.097
"84"	0.302607561666233	0.133553263072854	463067431807063872	-1.11178464814558e+21	231377894662956	-18782373.6483907	224940826851.643
"85"	0.388691359188643	-0.10353517309363	4413302264876114432	-1.67980565962005e+22	1292333662703012	-253182373.292144	-93839611923.5021
"86"	0.138636575286867	0.00114660299467927	-738940223428755712	-1.04181926361809e+22	235826053378761	-62744193.7880841	264115377138.045
"87"	0.320544339748754	-0.032677010473406	8478237802298441728	-1.58252854316571e+20	255217220229420	32932575.3360323	175634356690.906
"88"	0.0849830470489854	-0.510945718034681	-34499222189722136576	-5.42818725610838e+22	136444981971556	1668571627.5346	54897268147.6775
"89"	0.086160541777494	0.141749351889233	2.7115793405617e+19	12067167846500798464	-29427061372896	2045606775.57948	-5303831425073.09
"90"	0.705225130603803	-0.222580851340687	-670936312513771008	1.11159012297287e+20	335751812529236	-69456275.6413941	-473635463574.55
"91"	0.195985845391985	-0.0300982728224002	1.80404197131914e+20	1.29787208556695e+21	88254858219174.6	630052761.118696	22408491512.1919
"92"	-0.134767708687084	-0.00549175956339679	-5008030314054048768	-1.35592518918476e+22	67129760517048.8	1489264249.15935	29321543921.0864
"93"	0.566983656723877	1.35475310161244	-8.1121877283406e+20	9.1742851181601e+22	139847599413487	1358146472.9839	2205299779.55349
"94"	-0.137697419351821	-0.0638903214634823	-1206384378995706112	5.2843030983565e+20	-42844856026651.3	-4643021766.165	8294533429.33337
"95"	0.064002231226692	-0.163884513333692	-76063899608669143040	4.72791954520318e+22	104180374928075	1329067293.55044	65570891399.227
"96"	0.240201990009575	0.867361938747171	56709033674609098752	6.21708774935462e+23	125544221181876	1583796133.75953	24062711288.0649
"97"	0.144363761450694	-0.0272906893772809	3039982309150870016	-2.88225272611891e+20	374365205575529	-161046620.61331	-91029978082.9618
"98"	-0.142284964300555	1.3190614324734	-13021814269028362240	-1.03637647091004e+22	88125112656748.9	1471684095.15047	20980804044.7038
"99"	-0.0522860477967727	-0.0609750695542276	193063442141857120	-1.05530521389252e+20	40550286983320.8	1219049126.77142	8356899504.5128
"100"	0.984078908342298	1.12808003927115	-9.64965828834245e+20	-5.55103129721721e+23	516514480697588	93267985.8313114	-198020016071.837
"101"	0.00216494688579688	-0.0249860083764324	4559309687205925888	2.72183551067296e+23	-35469599966515.7	633749550.518327	14559898520.2385
"102"	0.390015676953427	0.00476798594583721	3869844489976954880	-5.15228182018616e+20	435542178614331	-89155819.03305	-335171486186.431
"103"	0.175557741618499	-0.0881655679904047	-77737061609182248960	1.14023540940532e+23	88028547882430.2	700249623.125932	61415291532.1398
"104"	0.0856956152885387	-0.0349966999488727	-4765758127156543488	-4.56283973245992e+20	82499998245826.5	577331081.817421	34603429620.994
"105"	0.0273730119787469	0.0730251027262854	-449110530426223040	5.19816401739607e+20	1142787814748.03	1182476429.29599	19996700879.3372
"106"	0.323030902880126	0.0609132288616487	-46282134260583849984	-7.17411207489794e+23	92102976154297.5	2170060277.64056	39138429547.7727
"107"	-0.131540841084801	-0.090918537722916	7291476398130554880	-2.19232443638485e+21	352075855418163	-317785075.618383	-77039591721.4366
"108"	0.428984706931882	0.12273867220127	3094320389547593728	7.63489677570799e+21	945184045636597	-140137250.921325	-94032070583.2584
"109"	0.718121804092808	-0.109516188065197	3718793079854875136	9.20533470759322e+21	457497393503799	-423187936.366384	-58019528892.2692
"110"	0.246413586631818	-0.0269829905830881	-16569317573768177664	-2.90730997186205e+20	236953408211486	-83580645.5260623	112474156947.075
"111"	-0.107436001012038	-0.0135812710226098	196722269764977760	1.61417986320912e+20	3578180520486.02	1046038941.32728	25547024445.6746
"112"	0.51952508310194	-0.0755883478374452	385908078877423296	1.09640572376784e+23	492713737551294	-234673887.887135	-141044824258.073
"113"	0.767192485914789	0.0863069791491978	388069445997513088	2.75069132625025e+21	307499014234684	76737346.3944614	635559692137.87
"114"	0.0356906255376132	0.25006476206762	1.67882955137687e+20	3.47710087234486e+21	60905359031249.8	2218787066.52835	38059520420.7598
"115"	0.303776746572385	0.0265808933689554	25259497186803400704	4.32929639353883e+21	133528149842077	3462950148.91268	-24309227831.7118
"116"	0.477121629961127	0.2395488659099	-2.9874098426958e+19	2.33581908586418e+20	240269153970201	260856686.651049	109771090656.849
"117"	0.0457442338793246	-0.0701114995887631	-1611222331274900992	-1.02822478704679e+21	-11079491175180.6	1205844238.90132	21396787387.9178
"118"	0.25920360152958	-0.0108660588259029	-12919434084988661760	-1.62174849632032e+20	211151491967991	64801673.448022	1095593677722.24
"119"	0.177094153978714	0.364694640536328	-5.01519398312369e+20	1.61587933771105e+22	130143589673197	4359527321.07949	34094737181.6099
"120"	0.519614913592688	-0.0972855771959011	-106630383319046288	-2.11045575628264e+21	125266551976423	38082377.3940484	64568115732.3298
"121"	0.0461158143232087	0.628418976624977	-2.12203704847856e+22	6.00311409744763e+22	83290890058417.7	790536046.807462	65024440902.0666
"122"	0.279352349726989	0.00439740462307986	587531573357043712	4.85724562058932e+22	70091648070156.3	469890525.327523	22809146352.8711
"123"	0.142939964248271	-0.0365611519959344	111618488289171136	2.73041560999777e+20	124487475847069	216323255.40704	67757419355.1051
"124"	0.0464009730998945	-0.108280957630557	-1.75832066209426e+21	-1.69217464647029e+22	83446534319988.3	2682569779.5329	53099808172.9253
"125"	0.153737332853312	0.478108012636169	-35894375506159284224	8.51487190143297e+21	104208192989830	2999060515.03146	34351387874.595
"126"	0.366493610718408	-0.265306957721071	-71662428579203661824	1.57669583218924e+22	87144958484976	1822024367.78111	44406601959.0246
"127"	0.214514062306774	0.185820690852509	20165132947430440960	-1.53134715096329e+22	173158602532853	2596061039.14043	49185901153.8135
"128"	0.0203128294987804	0.981538555988835	-3.29298426957278e+20	3.09859970916602e+24	125064934580376	1000826557.61501	34547569827.4362
"129"	0.168234539090202	1.23692254149989	-7.14921134921903e+21	-9.38728654866677e+23	79537051307152.3	922733623.512856	49557195336.82
"130"	-5.10020154776633e+24	-2.34238010080794e+26	-9.89709456449297e+39	-8.30961581379016e+40	136547477260372	4956395186.51099	-324811613473.834
"131"	0.0609246611337792	0.538112354583498	5.94752333880875e+20	9.30091633077967e+22	108331503843553	575048815.30834	42171635471.2024
"132"	-0.102838131848112	-0.104576740654217	4.01103022312986e+23	-2.89951532549513e+20	52681292913055.9	1631833580.18523	60723950124.7915
"133"	0.724297693397626	0.269615754993741	-943782335195867008	1.68905077205209e+22	841728524298559	-125296436.492245	-309685168969.696
"134"	0.138245921006456	0.75765616605645	-89021204124105195520	2.88889962098514e+24	65782855947670.3	1425552019.66522	47023205607.3451
"135"	1.03295062003297	-0.00938637196325773	-13073245934454902784	7.17554761952882e+20	608795300597763	-360217744.212326	-145364500851.151
"136"	0.160245270964387	0.0386306921537217	-1651161820719752192	62172822077295738880	-89242661227398.8	2043500770.57652	-40136096356.0555
"137"	0.254966999359278	0.186268360379342	-40963206134945644544	2.84425031996116e+20	84025514350996.9	407197143.055002	30779592711.9026
"138"	-8.19910873215044e+26	-2.49405820375516e+26	2.48256096976285e+39	8.580749084604e+42	131621555884898	6301733495.58761	87959830211.9164
"139"	0.292802789931232	1.68116216875089	-1.69463039723086e+22	9.35099041875147e+21	364716750445088	135196237.807073	-254325399676.566
"140"	0.397686805667146	0.0815126603790866	296119354207866496	1.06233150704413e+20	100733419637650	488666485.045465	16327416172.3701
"141"	0.17334763998029	0.0233826849298666	2.1082811874085e+19	1.04176792273355e+20	255523784305579	-107120336.508203	353041802143.249
"142"	-0.158303984969764	0.11087392128439	-848294536475174400	8.25939893446916e+20	196799571840161	259141706.272292	135499865692.689
"143"	-0.174832752821143	0.238042905998673	-14443143894317392	1.10898836748658e+21	-41380525272565.8	87396320.6261434	9099195050.799
"144"	-0.0804398834108854	-0.57561256984837	-1.77418625512082e+20	-2.71216466361979e+22	41072045770694.1	1821107544.36024	41885170033.693
"145"	0.0903224737052614	0.828958145280145	-1.87608839570524e+20	-4.92151499948015e+20	118581793650811	4303161270.3155	18366369153.0879
"146"	0.500173934060079	0.0243276910612343	402445078995509888	-4.55034190644536e+20	420602167712773	-37537465.0022807	52941683801.3845
"147"	-0.14895749433581	1.1076076949549	1.33336202948329e+20	7.157429434804e+24	193097589469010	193951231.207538	164884245208.693
"148"	0.132382845745694	0.0895693438278932	5590158619897198592	3.05809682551531e+21	50494292219818.7	1065154506.55004	-1551143807.20785
"149"	0.205659270429321	0.0187020181913919	-5941539166899564544	-1.60476875877904e+20	70394604991153.7	328440048.216676	25242153691.0507
"150"	0.12106776186634	0.111573768991715	-89370727586097725440	6.25760373104558e+20	93867110995078.5	3394101323.20945	43394928122.2139
"151"	0.827483023080763	0.812554807731401	-2.00807898861878e+21	2.54197947286634e+23	251262011587047	119931271.410551	104659502975.559
"152"	0.981555342573245	0.177204669345802	-2780599671914747392	-4.65976334610521e+20	647444593441373	-383475889.288609	-64599733955.0222
"153"	1.07562593660779	-0.149414926400084	-39918333301825904640	1.58046122737759e+21	5752546869741031	-760517573.942111	-21690098758.1243
"154"	-0.0507355755188194	0.116835012154398	2.61970740695e+17	-3.29147371091809e+21	96492035944516.9	248430726.887121	6472146660.21888
"155"	0.147300645759379	0.156839438933082	-39765504392012070912	-8.06687668485534e+21	147782816799058	2504636220.11858	16781621156.5618
"156"	0.290215679415074	0.691508712346588	3.12235350481536e+21	-4.94181162983366e+20	192860482679922	1142387398.32115	115689720973.642
"157"	0.601793697986447	-0.173905065631495	-70160323206392201216	-1.88268319858536e+23	27238750562799900	-425192422.401055	-15297298512.2031
"158"	0.128038875083559	0.0458173508803614	-308207658821540544	-6.70375265712951e+21	116827049703900	270939411.263064	42796856592.6752
"159"	0.674488370971099	0.114288650026839	1.10470518641934e+20	1.44278648236089e+23	213895516500876	312829900.734387	138174996414.404
"160"	0.213119255142848	0.209369726339275	1.59897723431277e+21	-2.63010277621109e+22	115426123846811	2125753564.72133	5822687987.62132
"161"	0.24190461108441	-0.140105565396749	4.57543156729375e+21	1.19038464275856e+23	27380608735087.5	1117565286.85664	23875206797.0554
"162"	0.299890131299777	0.158566948007694	-5296045386245753856	-4.68473204274604e+21	369255143121506	-241017613.534383	196492910102.232
"163"	0.379543526551084	-0.791720105606779	6.33567170667789e+21	-7.12283550152135e+21	102710150390331	978066146.834645	57489413407.9375
"164"	0.0706548378552137	-0.0609145783392364	-19887963071289847808	-1.77874685180302e+21	119207494588721	-53033399.0061309	71314698547.3959
"165"	-0.0518813506014777	-4.64264515355145e-05	-2956271931042910208	76002278234689273856	20925751792615.4	703762496.769612	21649252757.8184
"166"	0.0695412570664491	0.166871892318817	1246495307240469760	3.86785772158516e+20	-61912732392689.5	1138172784.93987	10856535041.5651
"167"	0.265358785122565	1.05299683088986	1.45480800994725e+21	-9.69078624274071e+23	142031073234717	397348560.184578	73801630088.2485
"168"	-0.0239390914727232	-0.00459235309783646	198417112170634176	-9.40376978156192e+20	48843270595461.9	298712453.72131	43892625802.954
"169"	0.0532840172865748	1.67516540084823	-2.29000747908578e+21	-3.03683496032312e+22	323597020031241	585736574.401061	-281765608901.8
"170"	0.526207668793151	0.922067449875329	1.40266037693294e+22	-3.50507592786468e+22	93564813053139.2	1385192350.36973	20524911685.6983
"171"	0.0133122526822309	-0.522942878712335	-6.91864389226226e+21	6.37100554554423e+23	286718775977956	503142754.791361	838294666342.649
"172"	-0.101288896509947	-0.0830155620716831	-1617813970660315904	2.83183376623805e+20	63970056520371	209507251.714675	48153120759.2119
"173"	-0.0103453397845704	0.141343820477032	39273885505794629632	-156670579031370112	276371154064088	175053513.688297	-221166109858.08
"174"	-0.259893618040934	-1.84804568130548	-8.80836195584034e+20	-1.2816530163003e+23	332870808534919	83716607.0377081	-173233336820.812
"175"	-0.312921498554473	-0.0592207244555481	-2.04646070762814e+21	-1.28329756319357e+22	219205733931285	726739099.021297	236377013732.432
"176"	0.137395221147187	-1.04079580185261	1.44788401832385e+21	-7.65321756628294e+22	73604187400479.5	729887168.135361	34891512702.1554
"177"	0.139295759072417	1.59737581105298	-9.5121667669346e+20	1.72747889760211e+23	70233275962225.5	1919264414.17721	40741452061.1826
"178"	-0.55807805201857	-4.51860765220843	-9.979259339321e+20	3.38567781551676e+23	124131993138436	929616495.647251	84004902759.9379
"179"	-1.00456891767876e+28	2.30383777657483e+26	-2.00155048516893e+39	-1.4255571181077e+43	-24958615140010.2	2255814002.98366	60217963986.0563
"180"	0.143339120409268	-0.311799536864205	67518717829983281152	3.58842919196085e+22	55632230643597.2	735867469.899924	48630445160.0881
"181"	-0.0311230036556034	0.110794364481698	-1.77761642502984e+21	3.61289111673077e+22	37893865055165.4	751513873.371723	28108115137.2724
"182"	0.438877552606786	-0.74098624118955	4.29079014642144e+20	1.80942049231091e+24	256460821424303	423681794.677585	186108338594.889
"183"	0.0953499419555899	1.16518750549622	-4.47116517130812e+20	2.73502481600898e+20	88372879777536.1	3611414682.02516	4804154791.45434
"184"	0.0926971986869288	0.0317522069393188	35816811372152410112	-3.03036555465707e+21	-84252409388299.5	118418549.277268	2335023184.20322
"185"	0.123363680258041	-0.0787016215812689	-64507225269163483136	1.66259294474733e+24	89597356793663.7	638701716.877607	62901637445.1724
"186"	-0.0274706461167054	0.88855220252882	1.74362834437946e+22	9.16400047844757e+22	106693407562709	1319931526.92171	69623992512.6505
"187"	-1.98770546308257e+27	-1.750575151535e+27	3.10421669248946e+39	-6.7380652216209e+40	128594277078585	6083501046.06395	-25067549747.9254
"188"	0.0622931563898264	0.16933263621594	-1.53844548342469e+20	-6.40997455104154e+22	57400186548972.9	1488279889.89013	47891400741.5267
"189"	1.02980216310459	1.93297302010223	-1.56584339876547e+22	1.45060646602014e+24	199778533251715	601199770.474366	9882543455.29132
"190"	0.889040775749029	0.742447305188604	-3.73406838374507e+20	5.65803176419144e+22	404699488832328	60747448.3941131	-219300471260.642
"191"	0.0913538484752255	0.787435417960069	26366408533081489408	-7.68710415449517e+22	102530586218944	3019175802.16659	-19263522534.8315
"192"	0.246240970650729	1.42275526686022	3.44729940658368e+21	-7.99470958148694e+22	236264857458911	797554469.002027	226458873986.57
"193"	0.040612937545611	0.0872622539514753	8775035207152442368	2.07047170057138e+21	-107262078920797	650490632.562683	-2677431181.75916
"194"	-0.750704448720445	-0.25666122733625	-7.88411860087204e+21	-5.95988247551818e+23	312733850359888	257204519.99968	-283389580514.762
"195"	0.797807336659783	-1.075303450064	-2.67956014926044e+21	2.17281471796588e+24	239053541230649	252112576.083979	137398203347.483
"196"	0.383008197382598	0.937391303447376	7.76964794137233e+20	4.64616889443534e+22	212056410298198	1019460314.38269	153397568735.903
"197"	0.0732156242799452	-0.619207507895188	67829153086775484416	1.7289585146087e+25	86724679603850.3	1354357625.90717	59376261623.8401
"198"	0.0421755321670001	-0.770749213824165	-90548274263363731456	1.54598683736166e+24	62207293673759.7	759220882.284227	44972735106.0763
"199"	-0.158050491121844	0.763556371924605	2.37791787006313e+21	1.34376396353354e+23	202435738694537	746953418.574157	170788311097.395
"200"	0.422134980802271	-0.912004280375606	-5.53380363263034e+21	2.66069979690917e+23	210866511708099	85949226.2535952	87143156296.6517
"201"	0.00248470987702428	-0.0452739717202117	894921354216020608	-8.205374075721e+20	135885601063799	5740231028.75532	89781327032.3154
"202"	-0.0917174880574944	0.082215370695414	-9617844664174718976	-3.04451357118746e+21	-50202397730205.5	160962066.931369	9412510257.2296
"203"	0.0256560859578645	-0.0381855616645714	-3730229182201071616	1.36302139296696e+21	377075352444974	-418811698.926523	-74215241745.718
"204"	0.0610219516891616	-0.305514770913463	2.90801993485894e+20	-4.00113614030573e+21	83370999891623.2	3843312305.5416	61243697549.097
"205"	-0.479225137294287	-0.0835657970694448	23553976260144517120	-5.70381859452512e+20	475609914339168	58773444.2903111	-120940549944.456
"206"	0.687698955792828	0.398812965065803	-1.53547830972543e+22	-3.31672787770682e+24	319159954437509	665319142.179684	768999960530.554
"207"	0.133288132270453	-0.0923724199256008	-545972333625788288	1.20906355767069e+22	189273838115560	-52600418.0997191	132529950873.142
"208"	0.35300276864204	-0.979596811823187	-1.30093933301073e+21	-3.33179900906758e+22	114121686588760	616690309.211005	45859179061.5063
"209"	0.0714354151805169	0.163929280207951	-3448675975668463616	8.61872399906132e+20	-31980945689203.5	1545673006.89395	-258009944.460874
"210"	-0.0582232960583643	0.292430202985341	1.13873221304526e+21	-5.25364583602602e+22	55708933656126.4	1032550340.3093	49110321132.227
"211"	-0.305637885325652	-0.144223543518935	-4861356860998456320	-1.36614008090977e+21	91159408746283.8	2756230748.04734	54908750610.6245
"212"	0.743982144353535	-0.0227771722531993	-1.33703009186333e+20	-8.67450916328091e+22	158709178373018	600076832.558425	59876957706.8934
"213"	0.378222971234611	0.053561879814708	-713032362805665664	7.87376093436275e+20	516794120223470	-143665070.74232	-108112687205.331
"214"	0.152862350593515	-0.0369990506293207	5674969455302347776	-3.015402535546e+20	87958766364252.8	147982597.568056	41878062452.9947
"215"	-0.011294345792593	0.156959888796397	-9.4243102584554e+19	-1.19697154581779e+21	-51482451247288	728416800.627651	25225235392.9716
"216"	-0.0346919422497288	0.289379861917297	-8046590310508682240	-5.37637226747908e+20	114376379053563	4953644981.88363	32137083900.4855
"217"	0.566210863897444	0.00359726324360828	8.0618571456283e+20	-1.88807751353523e+20	283622073852730	-102554931.647236	-3170896503389.72
"218"	-0.0406559233499988	0.580649980606221	-81739969034042130432	-3.73230746140156e+22	96479050644901.6	1462938802.7106	57822599350.3577
"219"	-0.262799913309235	0.366206990828682	-1604329108048227584	1.11953985156128e+22	62394171408230.1	1484264740.10951	40195767653.0131
"220"	0.560567783346691	0.138900720904742	-3844801451971390464	-35794261948284878848	191499916151335	-260087977.925232	-78874102054.5716
"221"	0.247878828399767	0.115000281483073	570076009002648896	-1.85453205528708e+21	212616052319883	56649757.7539147	60503286146.5452
"222"	-0.208083125732724	0.0684021209341805	-1376796526354027520	-1.61631452487829e+22	352080128824566	-253215335.413845	-89640663377.6196
"223"	0.465357185952461	1.82016868967908	-6.49843553879319e+20	-1.07039224677173e+23	227860622867860	651664446.018067	-30855074781.8947
"224"	0.180876148603341	-0.0902545399603532	-1725359956323244544	-4.39125810920062e+20	273653851653092	-265631604.048325	-341699723816.764
"225"	0.536608940134992	-2.47558742880724	4.02769211120014e+22	7.15775335876752e+23	368877986884728	257519065.234909	-411655844917.161
"226"	0.2373272181114	0.202953809222293	6645491937904914432	-9.5432043510219e+19	507233942292164	-117938946.425218	-265529307751.453
"227"	0.168148531376358	-1.13861605943256	8.66607364659586e+21	-4.46227771555908e+24	285010982182830	323424026.72696	-341266177634.726
"228"	0.611788365766624	-0.0634041302844553	8290674981144167424	-2.68494116236354e+20	226140785312640	-92236815.4228579	145032455452.069
"229"	0.26203274396438	1.16555764418882	-78028332113548492800	-7.54945080993073e+22	52882731791134.1	1521318814.97283	20003128075.7823
"230"	0.110550511383996	-0.0762544985132724	7461610239435535360	1.72530453856126e+21	111166919726604	193631655.459204	45546158374.9456
"231"	0.310859994476686	-1.11698014454906	5.26732544544774e+20	3.46691655468817e+22	75033240049718.2	762863450.410634	35009813742.9878
"232"	-0.108348110016898	0.219883888270872	2.8028579205045e+21	-1.54993885612262e+23	247497776316720	671077433.589602	672623896409.847
"233"	-0.134292600973119	0.0153288666110393	193264237358805376	2.05739288516965e+21	41997710409373.9	913040191.884658	6176612849.37568
"234"	0.316565325460299	0.0903390499388427	-14278910354240192512	1.41687922320308e+21	663517227309073	-120890737.048282	-77660982940.3835
"235"	-0.235715992695186	0.016255612520068	2582010281163308544	-6.29566606874963e+20	57684533384918.4	533292275.007242	21966568432.4817
"236"	0.620883286338226	0.271927449423269	1150366987708382208	2.17172387546092e+22	572527708553874	-183324897.323309	-187524227703.108
"237"	0.30655000112222	0.841721817217429	-5.96052525885541e+21	-1.88257994147015e+21	67610729473276.8	2399179634.56467	9332035153.17476
"238"	0.955687226327488	0.0437006816326433	-3029452728356588544	17927380181699407872	455583812376561	-219970447.089835	-467718235874.438
"239"	0.116082407438726	0.114695856410312	-1.67047292458698e+21	5.49570759764068e+21	92770421030431.5	4352587420.19836	30879923981.9799
"240"	0.0300899857812086	-0.0540610234205353	-3048447917350427136	2.08093527627614e+20	-50883280956665.3	436997181.820403	16945739016.2293
"241"	0.049403675285991	0.0243998655416299	-8715180806924230656	1.35416360167358e+20	-19370201100461	296099081.242742	10299880454.5603
"242"	0.160832333865499	0.269718966484592	8099131023399607296	-1.95026720998217e+20	14757467137471.5	2899155385.382	26222627219.0979
"243"	0.36348349179836	0.188576119953816	17765797090144888832	2.6161828089273e+21	209115010379881	-98737953.7657493	126296387593.498
"244"	0.228132810616188	0.0983026218833157	-1139217623869092224	-1.10446057611257e+21	239380886415027	-145313936.562392	-1725198640769.38
"245"	0.445216909543647	0.079945072230054	1219619626679497984	4.01973277937407e+21	2268849813240485	-204466670.760737	112441383200.696
"246"	0.24089847899575	1.25776895028548	99682021955678552064	1.40273487600648e+23	68639028270145.2	836905400.04918	42255638554.0525
"247"	0.173733148953957	0.165787909826492	61112250950495698944	-1.78116230427922e+21	205256418928638	177376793.168651	161473457165.078
"248"	-0.111310313995519	0.0370587888754081	-505020963287241536	-3438956884358913536	9133507596138.34	786414698.628307	27704177612.2492
"249"	0.188471130660456	1.04941196477358	-1.59614933435372e+22	-1.75151501662785e+22	116684358151113	614541896.055178	27567935545.0404
"250"	0.0193425490992604	0.371255695733283	-59456388751544549376	8.56667158752107e+21	51285408181976.7	3438569514.40131	17917078350.0812
