"V1"	"V2"	"V3"	"V4"	"V5"	"V6"	"V7"	"V8"	"V9"	"V10"	"V11"	"V12"
"1"	4.98945307631556	0.543974519881474	-25.1654312462638	-2.65497908785128	-4.26132572620801e+26	-5.29804211094275e+28	54006072864879.5	273241.144302094	-3718224443.18886	-1899264737.72198	10694.7707060125	380080.507738888
"2"	789000210990722	-3460029793993.16	-1.07615495822347	0.581127397421419	1.52335573860024e+28	-1.9686328902224e+30	483618991289536	28558.4024088164	-12351716693.0857	-4500285303.4928	21266.4437551581	-1671570.09393022
"3"	5.74035000521037	1.24141602754716	-2.06783884704182	-0.00267932928574398	-5.53178686839649e+28	-4.63753798221645e+27	989036215301756	-102338.017368015	12774527786.6054	4672413780.56974	49639.2793080564	7209450.50303168
"4"	28.9943797041138	0.726747028373678	13.9994962495013	-5.09027478261384	6.07052924268738e+26	1.27413154512396e+28	299259708781354	-23254.2087372138	-6790801478.42407	-1929458311.95476	144318.151476758	3007753.95134024
"5"	-313609480075436	272229170070.764	-2.70374479825929	-1.13952895295398	5.08480656137918e+29	-2.16557451697077e+29	161455822330663	-28934.8536780931	-6234206587.09712	-4279570434.83065	62189.5618395212	905043.964912493
"6"	7975914909051312	21996438490733.2	-49.6035973676204	-8.72560460186106	-4.09804582482841e+32	2.73267912820049e+30	1206681924589260	236897.572490681	-38622598745.8381	-19478102869.097	113504.532460762	3904094.94053506
"7"	36.3462159727678	1.20431389845721	-111.800848418036	-3.9755727683582	-7.03296633653029e+28	-3.54802635155522e+27	248134142776101	36663.3413627372	-4413811803.08615	-20980042647.5249	149326.387674884	1563456.49811504
"8"	1259205689379223	-838906349079.203	-180.081281470614	-2.87079114502632	4.03883884632669e+32	2.56327462771479e+31	213946860791602	-8545.4471965854	-80373797415.1424	-7959669190.8615	34726.903469115	8239268.89331685
"9"	1334175235198050	111371795882501	-1.34557215993111	-0.0497034447208872	1.11507026424764e+27	1.29363766276386e+27	1871991734238450	227397.971561979	-38524318018.798	-4934173957.27008	93131.782078337	436591.255024366
"10"	-13272.6412233139	-2.54162086964215	-390.609870574888	89.6031324399357	6.07049737721575e+29	3.17048896053943e+29	299398195255419	88605.2015719097	1251924922.26462	76985531.6814172	71395.9291332445	11438161.6731229
"11"	-10.8582393132263	0.0575532069898972	-15.2922222829825	-2.22563175294257	-3.11617395176085e+28	-1.98332768688201e+28	562826578303506	45705.5860776724	-4021322339.31973	-2610046616.78492	91308.7722937366	-409612.961442606
"12"	488672867879222	-505402562930.158	-1.29288418279378	-0.372069780007251	-2.1834679538718e+27	-8.72778149064484e+29	-376384197190.018	20249.5549767892	-6444775633.89791	88867352.7604147	13397.880212412	4881386.51500204
"13"	-857248681543847	-8837689656468	-0.789572796806721	-0.305118894714948	5.4547353064262e+24	1.50836745056019e+28	54736475358553.9	157253.180971416	-4421549656.71097	1350184879.32455	64858.0190730223	-1378438.52125272
"14"	-388626981228659	3268507292502.73	-3.22924116942726	-0.0621451361936135	-5.20634980118884e+26	-9.12346891212122e+29	81282860018256.2	314409.388421723	-2926308274.68427	-5680423334.61232	15344.3673484137	-683438.621546396
"15"	-97.0842096942999	1.93091296366504	-239.905828964152	-5.25704908549921	-2.73960836310027e+30	-5.09937528417334e+26	716648273729751	-96018.3873731483	-18550037767.9685	29055062745.5378	53754.0150376214	1236234.33952587
"16"	-36964927373076.3	247029106957.376	-40.1542671928522	-0.455181376513795	-7.37582700171986e+28	-1.93040712837034e+31	-3144046169396.13	319279.946762758	-5314729690.36281	-4900190202.43961	-4137.69304121978	-809723.496152241
"17"	4323437730273063	-7975895832127890	-1.67392411657647	0.431435922963492	7.61201447970365e+27	2.25624724014438e+29	75853886758186.6	380531.344278027	-21037279865.7528	-2972327126.19605	16702.9106933874	1084388.71165971
"18"	5940010258629066	164250210113489	-6.03173302697025	-0.303935917886406	-1.08143293737611e+32	-3.24824969601932e+29	867953809932724	-113215.900780757	-1406437886471.34	5159666405.46164	158835.989828779	7152129.01145026
"19"	-343.739146689455	3.30442818393968	-180.087820139578	-9.11045269771023	-2.20171850775253e+29	-3.26441281052471e+30	571994216545209	340565.067247135	-9558044367.44367	-16986105466.188	93990.039629728	393999.769831925
"20"	-58439154019036.8	-3765749169054.69	-0.301007691432767	0.00723488433511247	-1.03619932040798e+25	-3.80961295533431e+25	176203879551683	39589.6127164191	5536834981.79452	-18499178191.0876	-9501.02915473215	-308960.592298885
"21"	2265224576274690	5279784926283.39	0.251638610956829	-0.125180355919463	-2.7734484258979e+29	-1.14097703421241e+30	315771781734721	84018.2383505581	-4890631270.98343	-2101920601.16455	115478.980330569	-725083.437503809
"22"	379697795503761	405481955154565	-1.16664751097711	-0.841018801012685	-7.83180573543286e+26	-1.64397226904355e+27	412808008407716	-31757.3454095333	-12205173347.9273	-6818679381.17445	-7107.1538812334	1927962.80048408
"23"	-2362868236389727	323019466112.111	-123.719272775295	-213.697287716498	-1.36182438333895e+32	-7.24398863342855e+32	396122831318316	-81937.4389046611	222807535901.014	8225225896.93936	44180.4306576994	10699702.2002748
"24"	41280074100884.5	-8340134402115.4	-1.92997133064722	-0.081574037443245	-4.23843639019897e+25	-5.71213314974074e+25	41114096618513.6	507523.887563083	-36349617624.5201	-3004060119.02839	-2880.29688110548	390807.179747267
"25"	-73.1784869085727	3.09674454061323	-112.490096542368	-7.62322027129512	-8.11367194281042e+28	5.62046013667239e+28	672619962709524	51181.7342884439	-12813774310.4981	-3400312524.25584	-10382.8660159352	2287060.44022534
"26"	-32.5227260837535	-1.12268539205542	-16.8258978998743	-0.869634605118467	8.32248579592038e+27	-1.09515260714439e+29	453325350756473	-54470.797327033	-6653862001.67987	-2574548056.51504	228113.639039257	936302.699393399
"27"	3350533679812800	58554621804060.2	-0.916330352532403	-0.0526774382399445	-2.61041998544441e+25	5.51222845742401e+26	466328319444325	425572.000299021	5466543254.9629	-5289876146.81221	89965.5855300405	165693.879043779
"28"	1248540104375567	-1066484107525.56	-70.3296311209331	-0.393203130958037	1.85135742937872e+33	-2.60683743253688e+31	373034154084881	-32644.4591755536	-17257076882.5311	-6277894878.75731	98508.6690108846	4290945.24161285
"29"	47.5546816154887	3.43354815945626	-37.6891098694633	-2.89545117971206	-4.83701016041603e+28	-1.02634674789711e+26	403514095762142	11149.0642573281	-1956868644.68689	-2306278855.50628	142867.653657538	279931.450488238
"30"	-236.933279416236	3.94531657515738	-807.658610773651	109.253923417936	2.0228225610791e+30	2.72741509936665e+27	866124733762629	-14836.3744522573	8310717694.24557	-2022429519.21383	12949.2629493368	71816843.7732441
"31"	-74.2806533006027	0.907910255115332	-95.5706987514994	-2.86812607771858	-4.82160793787803e+28	-1.14791791901649e+27	547720885150379	68324.0028303533	-15114848437.4568	-15905557402.5982	271815.326333648	2426441.66938286
"32"	-165.105772119141	-0.848362155947301	-197.881281084107	4.38687296634486	-2.29283286695772e+27	6.40918751950794e+27	256815558920801	308776.461754305	-12663852625.0558	-11246184703.7451	104276.984857207	548859.965160966
"33"	6591220308855128	8145685298004703	-2.00223624799025	-0.215380272414018	-2.92330596196498e+28	3.41337986978792e+29	467998817281766	-8126.25852674389	-12618061940.2534	-11892236725.656	1458.46256589929	1604455.38131365
"34"	-60.0307214638987	-0.489180185741954	-342.312574328465	3.43173408963886	4.31174438231924e+27	-4.05893260173122e+26	341945692695102	81444.8954298745	-43649362954.782	-4722223967.73119	1717.16794090461	3799066.43201817
"35"	-16010.017083129	8.07161083805075	-1079.34123211359	131.862654051516	-5.19571085150324e+30	-5.38465127367254e+28	1045605806258433	-16085.4818125482	-270426288.468028	5468229292.1893	14610.8796345726	43551924.1345062
"36"	17764221465676688	20948009549097912	-1.45547508204671	0.115150677273957	2.89389483063579e+29	4.86545662130449e+28	942395544214872	47833.7311084012	-9842881888.06567	19105399490.3572	-3144.83886862579	28729.4366964494
"37"	1036434483245951	42999991099137.7	-3.11648050031359	-3.9554793928725	-1.55687268099684e+28	-6.03917099745204e+29	376007812702613	11134.0201092399	-57195197672.7798	5010722455.12924	108934.611569346	769607.230978872
"38"	-4741124777816684	-1641320398647.97	-3.17382446103677	0.000353571703887897	-3.34611329526007e+29	5.46548091368665e+28	404186690945204	26166.1221505312	-3780153888.3884	-18524266456.1415	24128.9871271723	125230.212087198
"39"	-15.2329270375724	-0.551936049387992	-71.9421355882284	-0.665619807353758	2.00870514284803e+31	2.67859425917663e+27	513206528161170	-124842.498154362	-30455295379.5767	36266189231.1936	-32910.1406110082	4307723.52192095
"40"	-122.600817539262	1.1719232535072	-712.178342867394	-92.5483485459316	5.86607822526481e+28	1.1792974449606e+28	611159689061078	-96958.1387845212	33363233854.9689	129323849705.734	252202.147719235	32308905.1856724
"41"	-609746108181315	-2269584845041.63	-5.22381276868342	-0.794608814355219	1.9506773658093e+28	2.2439482155134e+30	375407380458579	100686.053998984	-11342236398.6658	-3101429855.1703	-3187.29672913384	-389791.147975544
"42"	509881785538559	518827627263.352	-26.5045930689544	-1.58537646176385	-4.06158964944032e+32	8.00418956496424e+28	94676726316369.4	363880.462472516	-5637831983.46299	-2509169616.60943	-4999.14144108946	-323247.888288209
"43"	-54.5383955014377	0.098249774034295	-197.812618726743	14.2926346561741	5.25343004710595e+28	2.19773859408052e+27	975453671747166	-80122.2408497617	242083500924.372	1571480139.08957	137468.523088127	4142285.2790124
"44"	-44.7093988226571	1.07707426754034	-451.01977433924	-29.8048330802864	6.01926600020975e+29	-1.09373050010532e+27	256009252026520	-192011.381731892	142657679578.245	7210714686.28945	68578.1058155591	11264263.1754459
"45"	-64.5660895133021	3.57653321726769	-477.283054387514	13.61378107898	9.07438759356437e+29	-1.83599157873613e+29	1438779880656072	-42752.5739409658	-87978455937.9736	3027036482.62689	-27846.7598701434	4668658.43622892
"46"	-25924967007159.4	259129523295.47	-3.25842302906048	-0.0376299082513309	7.87677828568095e+28	7.30603217118027e+29	-112797121483782	4528.56915455739	-15844082422.67	317304525.148805	17017.5488538953	-327482.531953182
"47"	20.5353020506004	4.30274508267053	-246.444488054895	-6.87682004957118	-7.9412154199543e+30	7.84584950471445e+27	1542041490416093	-9405.86767440775	-28206622180.3743	15399904678.0914	283335.933986888	7113286.86228173
"48"	-106446142742238	-2112913552996.63	-0.184896725713774	-0.00240159735790686	1.91509473953361e+26	3.03102171747242e+26	273033656304373	-55440.5787013379	-1741893176.28133	-5964009669.20471	-12200.0561833024	-128574.98181374
"49"	-29.5485471556259	1.53704029214974	-28.2635081846886	0.443024425227229	2.24555765318416e+29	-6.59663438425347e+28	833740193192110	-11954.6166611705	-4416816999.53536	8566874721.03087	88251.3964838258	190049.512683033
"50"	74.8776676136618	3.85259226793304	-109.414566762738	-0.959015693984326	2.41800975244318e+29	8.99111963877587e+27	865791234353347	424046.512834354	-5716583550.3532	-7767770495.28997	96323.8592841196	1280696.3672122
"51"	-20403997793408896	19368762743823.8	-21.1831307055298	-2.07930201706613	6.2358721423275e+28	2.68672472609887e+28	52073081086680.8	455466.224787735	-41289451973.8211	-4365343670.9777	32055.728870685	4182376.94809602
"52"	-1967235527115419	15057214013239.6	-0.490381078971859	-0.0703352146893704	-3.96937347384412e+27	-2.80682619199356e+28	541497209898617	221117.124784711	-14603245767.8561	-7116479645.13904	63439.2292791187	-257898.937061373
"53"	-9.81874797483883	1.148151588286	-0.479406643363777	-0.125155920671748	1.97696345506011e+27	-7.13234895080443e+25	1145236319171665	-62139.5375311017	-4254931611.16185	-46961038913.6233	-44763.862466635	-121750.828963564
"54"	-17.5511119371644	1.03013974053827	-145.816106260584	-8.14582118483406	-4.99569894064232e+28	4.49800359680972e+27	219236870638824	61870.1740760637	-40223987574.143	1812681119.91338	-6697.65407153402	4425638.01563457
"55"	1146509545490854	16310081278607.7	-136.598290587282	-20.2842068471434	8.89192206552247e+31	2.97768910378725e+32	646580373946854	-73861.3838664979	-196318893841.636	-1409713745.47833	54391.2464013029	14968347.4493379
"56"	-10.8313706314874	-0.488370855402206	-0.646642992624202	-0.187336922833441	-9.46494536400176e+25	5.91460054837653e+26	385227581256015	128780.757376885	-2409907993.98194	-8808800293.06477	-18338.7050192193	-1196642.81741738
"57"	-16062531870840.2	-229847307258.331	-32.2145973416753	-3.69799083899406	-2.78722009119886e+29	1.40438771714367e+31	81882190525117.5	306231.365380373	-20840040370.2785	-1783446646.72011	10277.8707242177	504408.775531546
"58"	1268307162460814	630910810419.416	-15.7012087294161	-0.741302731162061	-5.05013989324409e+27	2.52789855348845e+29	639366532529053	64893.0662470185	-13483814279.5256	-2731856391.91008	73623.6604140917	5599462.85410573
"59"	47.7572537755322	-0.428224017281058	52.4000997239247	13.9679833463711	-8.65736491202606e+27	2.80858552739835e+28	521042365498987	49783.5284149064	307594319602.081	-2788325945.92623	-24212.8765325197	146032.912998753
"60"	-25.2558815631907	3.55424674579703	-32.2937091491567	-0.708063121372699	1.29662266221334e+28	2.98831329479826e+26	1185078836821623	64017.8067409577	-8753589128.75783	44421969100.0855	-57238.2361252375	1896700.34094726
"61"	-5.66793310484067	1.84650617626132	-13.2132897634232	-0.449226744587436	-7.3281597628832e+27	5.56115435894343e+27	1005675104859418	60616.008377597	-4195903271.18465	37181327834.2021	20757.8663488656	-346769.280241223
"62"	-28.8885471620238	1.39236054330067	-851.571924734965	13.2400772924065	8.41705408743211e+30	8.03873921818016e+27	831126824547236	-68742.0533304347	44151834099.0633	3254847768.09675	-42260.1318742117	36028927.8578518
"63"	-22899634011524.7	-3299843743069.44	-0.948340623999805	-0.0512474344723015	-3.79338287473769e+26	1.4479225098932e+31	1064091494024.18	-35187.911089565	-7030568819.08994	15957997714.4013	6183.41212377807	276850.138924581
"64"	3969241670457391	21802973712454.6	-29.8350064780803	-0.0594449904019105	-6.62312301277552e+29	1.34847848814246e+30	394616716304620	107293.074354172	-11807138388.4252	-32972986307.756	118622.830852867	2475410.15680473
"65"	5.20921497053725	0.0277562897288651	-1.35414266090616	-0.0520089505930334	3.11150249087442e+26	7.45893042607535e+26	210923249788053	4975.45090987451	-4546945082.3885	-689832012.429663	142276.301302818	-192617.642094201
"66"	-691052566280828	-311292458005780	-1.03506456014472	0.0360653124848092	4.33869623074913e+27	1.11916112990986e+28	445551224485406	386873.028064624	-15881376732.672	-5974730857.62468	-12144.0920777932	541842.196833039
"67"	-31.0403030740639	1.496952255393	-171.216786511052	-4.78455289360344	-1.25841873131086e+28	-9.79250411706341e+26	316801723099595	92336.8538368076	-21041548475.1884	325514572.86713	80888.292191478	535796.7361523
"68"	1001759458386277	28622209453639.4	-297.243044265912	-2.40488346803963	2.19757707458071e+32	2.81191799591208e+31	936326679423868	87714.267708478	-90352520208.163	12091234674.9204	1277.00371039747	15066367.4628001
"69"	-1981236520193882	-2028789103096708	-0.487077966566175	0.131029208318708	-9.88503257646129e+27	-1.64083323276075e+26	181200410103868	124328.676034625	-34235839882.8279	-951800181.097494	12642.1296911247	3558062.07124919
"70"	93482904482460	-7958298261572.38	-11.7738923608937	0.498267244167965	4.91750888256989e+28	-4.90290732301325e+30	552250138844856	251236.427245462	-21820337498.8393	-5404186189.90829	2420.17801378662	5028087.37563162
"71"	2352837559561838	-1793779407037.17	-10.2477559511772	-0.896488225541684	-5.44874950618129e+28	-5.81564857295057e+29	84036274923096.7	250337.55289198	-47121323986.6544	-1859508403.99813	-12504.0820046127	-1163524.91302296
"72"	6622004907086057	55992311788435.5	-31.8844119727808	-1.02937054411276	-1.96503094027988e+31	-1.7029375054253e+30	735975564870425	168842.828645726	-23418797894.1789	-9694998399.23243	198746.499114077	4556068.36704971
"73"	-15.3753879247314	2.17579660414142	-878.492334638998	3.11935878971825	3.21506664130414e+28	-5.6644437786813e+27	885947045483448	-39575.3903461799	124020236537.519	-1769028223.38725	112913.684846113	15251300.5520113
"74"	-2933467499578318	42647295079372.6	-0.325774526466078	-0.097022021117241	1.54740046707112e+27	4.17416104866417e+26	689796335133207	660792.678345015	-9297679630.66698	-6912930098.85483	-14333.8351010568	16682.7196147793
"75"	203500304898337	-1997561936089.19	-2.51176388121768	0.0661078139203591	-1.51573871492423e+29	-9.56778448403626e+26	244229914269566	-74417.997338954	-9668300769.01289	-16973897560.8758	9290.52393099215	-772126.929656338
"76"	4220486817276632	1137205563876749	-2.41512968348829	0.786840227365984	-8.11951236214979e+27	6.96604784651236e+27	-10811207344245.6	150043.206856207	-18386083285.5381	-532096420.786511	6574.85092203513	1049093.17706178
"77"	-2138022378838094	2219349248143.56	-12.7228925826413	-0.41444045382654	-2.43788536482775e+30	7.47487254664104e+29	479412090783652	37673.7182177258	-9322331845.4758	-6471346865.67144	6174.35613773496	2196924.47232962
"78"	-10.7538410325628	0.0550934025595713	-0.121172252856689	-0.013488186034609	3.89512828254037e+25	-1.05106688854835e+25	500445314110146	129852.617277684	-2039175705.89414	-12446875249.7208	83159.4839195344	-169397.237944679
"79"	-1024384204505845	-4760706441785.24	-1.6426642392552	-0.172502924373239	3.11723089788871e+28	8.96387343884295e+27	200709176585654	79401.8536176266	136483230566.927	-1363801507.3202	3632.42297630985	5723048.19730052
"80"	-83.0790980363708	1.04780300146896	-654.332987341189	-43.3739220737282	4.8717421526838e+28	4.39054482626754e+27	362142251308748	-171342.786217793	59793221767.5585	164748939264.308	67672.3995589112	9303944.19649411
"81"	-37.4155655009426	1.77470443434324	-48.0068022727711	0.57588663053787	1.00838143707433e+29	-6.23595173406126e+26	581703102764396	-99526.7577949777	-24046195793.5556	2863205945.84802	72905.8545711527	1055374.85494035
"82"	1650495830165447	-123144297668518	-0.391408341321907	0.403274393337855	1.04879653126466e+28	-3.19007557962214e+28	430947765081935	-4241.55798791828	-23500267203.4747	-1880315676.29089	22634.1196918878	1887648.49207154
"83"	-38.329346843031	0.581124942547653	-6.09149392476474	-0.354723202061204	2.004785051579e+27	-9.36480914601355e+26	217947043476049	104038.145371658	-3138997018.27622	-23304471391.2923	198478.390863454	102670.980154178
"84"	-205.537403135041	1.1590695537814	-831.610225803169	40.9661805968283	3.02834469063755e+28	1.24032835295813e+28	192047137779517	-34239.5974507079	6019457900.77107	8520684077.55331	30274.7770846154	25110027.7068844
"85"	-7806582469569.96	-4488877914365.72	-0.219709117087034	-0.21853371059027	-4.78404304216145e+25	1.20714254991428e+28	50980130960159.3	45824.9022109983	-5225150304.39674	-2719062594.25948	24295.1277759985	867617.383858837
"86"	-187689934774987	938042479838.4	-190.15517350006	-8.65979264906862	-9.08863021265439e+31	5.87749013907822e+32	111104207899731	-2942.97214569143	47055011713.3511	201131550.732531	144823.035457986	20578789.1184804
"87"	5415612854177425	5350652875084.21	-663.809859878916	-94.8564438252141	-1.01890139547239e+33	6.01827943380338e+31	810432015897307	-26019.9071174095	53173337710.9234	-6154410816.24321	144360.889505423	25094262.4774076
"88"	20745449921335780	694947221440432	-0.441843280674023	0.0437559917453917	-3.24467099937567e+28	1.96458618379386e+28	551929102605783	98738.490199399	-10296743981.583	3523079116.11705	45736.7118932628	-237874.061075121
"89"	2.40661280379479	0.51072273307279	-0.449712326378548	-0.381759790649353	-1.99374125467963e+28	-1.67175490169868e+27	799185937424283	-52111.8551519949	-7652945318.53167	-1089972994.4756	32921.1616683903	-233717.759423211
"90"	-627.881520540979	-1.9289339248374	-92.0699700823849	193.556520092976	3.90795154358273e+29	7.5107789728384e+27	584605915922951	1728.92958950736	11763262221.3564	-1080440385.62771	152417.369294671	3819508.7347332
"91"	-5.96295231132815	1.27420675019	-68.4232907259589	1.10610571161545	-1.88525980600865e+28	-4.83240766010734e+27	1029355256879811	-88566.551829379	-35343998409.4406	1877247266.31745	91260.0096739452	4257863.43744892
"92"	-18.2541335658647	2.32601559443067	-3.32738604992656	-0.16900929566657	2.0796912412129e+27	1.87412861598453e+26	738691517373873	-21182.1766776984	11379128234.8256	86750946954.8728	-13149.1570511951	3086600.60987744
"93"	2086422575071090	33259132967763.6	-1.64852435272745	0.0210043375741601	-2.37435540636313e+28	1.02568788142091e+29	1222020565768743	141460.044953579	-3168962403.87936	247016764600.585	53506.9048748111	-449304.096224839
"94"	-1932865702611915	-4627503407650.96	-9.17413728337749	-15.8728631306718	6.88754194007672e+27	1.17494058531721e+30	227092068200043	41987.5856199867	-1693497104048.13	-1727724757.59978	61083.5293842233	1701096.86637378
"95"	-24905385612946992	-960801024583394432	-3.18747403527466	-1.26864251594087	1.12055102997752e+28	6.44122827313056e+28	786229536344449	173206.029258796	-15727999038.4526	-5658319393.00804	38426.6178964199	2404353.85763922
"96"	-2943868761379853	5058017719482.7	-2.3648494564569	-0.783659286042404	-5.69942640608972e+26	-1.29601214704157e+29	36200703634914.3	457083.407601396	-18370190733.1343	-4527703488.26043	66241.4665008381	-140053.472517538
"97"	3289408077696272	169678162400837	-17.5058514829822	0.677102073967128	-1.07628601677848e+33	-3.48127343211239e+30	1543831397579586	158666.425812907	-37841766022.7479	43244851016.4428	24335.2398846548	3745159.3449465
"98"	-326874865859773	65467576186130.9	-0.409903719991021	-0.20738557549587	-1.88921742737009e+22	-5.72586415590493e+26	258254567708191	387147.010293204	-7486121921.77877	-2658430107.42448	7729.981014948	182021.046891601
"99"	-1.26091095852387	0.0716142217190546	-0.195969242803465	0.0477492217251609	-1.03942430766151e+27	-1.26243540804665e+26	564345492289070	-67155.5712869082	-8820347531.11867	14631613164.439	-6644.62803991113	164445.585860854
"100"	-6.95257489473292	0.691620205928712	-8.38095387105498	1.15772962206289	2.92713779914728e+29	-9.40534786411413e+26	594313398969858	-65843.4907642367	-8304528336.49425	12336070111.8047	70774.5571117748	-7256.49948988664
"101"	57.8194885252876	2.86590998560266	-734.65534407797	15.8720584207372	2.17801266418393e+28	2.34185735932069e+27	947034449820313	2691.04214349908	22422522626.6024	-8617512549.04354	56753.5592425371	37172173.5934838
"102"	1094487063977962	118019731488.42	-174.508202426159	-3.08112686256934	-1.15550440099691e+30	-2.21287100789378e+31	324534545753375	85076.5367207632	-51050807684.8528	-2831781682.2289	46616.5557017473	4714724.89831563
"103"	-3828541235570074	77620439221050.1	-13.0644724594063	-8.0546563442503	1.96296844231914e+28	-2.48451925146323e+31	365442582883115	30874.4946196822	-113153998141.808	-4483185581.53492	36094.6044209255	5265617.96058784
"104"	4135130453603412	58109183991917.8	-637.146992571377	-22.2741508061406	-3.49874920328429e+32	1.47745638041813e+33	964338090406297	-17264.2920487292	157410308012.233	253980857189.906	188402.959560313	30652772.8385377
"105"	-220.93566368205	2.96179282345782	-861.884626102461	-2.03799527209925	-1.34764536277447e+29	-1.68036139861298e+27	997746110008928	178053.949813305	156954142170.145	-30032023267.6956	167541.543677277	6407915.17384627
"106"	16085372997106522	92036578237460.3	-1.97694007083554	-0.0606741309964725	4.2042386635689e+26	-4.13839722820958e+27	798852477475284	363052.704422954	11430817357.5132	-4518226175.4811	198583.227056737	269270.805073436
"107"	-17.03813494915	1.34705748872934	-637.62386175169	-45.3247933657218	-3.21839647443672e+28	-2.03962258306302e+27	422609123187143	-137906.608518495	22114427557.3752	38156860010.412	44723.7650197372	16250984.7696309
"108"	17.0553221845137	3.26992248248806	-34.5929692031406	-2.48066619499195	-4.84887651010133e+28	-8.95199524655075e+27	669589362674490	183335.845959686	-9815217197.69814	-22115946288.5808	122404.927495588	-201409.340457906
"109"	-648820805019323	-2288132365172.6	-4.05805182054251	-1.16998097246152	-5.11378751250997e+28	2.09732042564378e+31	833627964337146	104423.154437232	-12646116059.0574	-9107421436.67802	20471.0020610549	-193439.363348099
"110"	-161.439682545345	4.03803015966279	-846.066421402636	19.533777162586	-9.75124584328191e+29	3.69613781091951e+28	692233840718861	55874.586266543	35263676440.0761	10462493554.0388	86007.0510059282	6193239.54284993
"111"	200788799925850	-562434090903.085	-563.276411824822	-84.7330584700957	2.08709898491961e+32	1.27170540665369e+31	142624801496813	6019.84704441691	21612613130.2709	3648324828.81141	10252.9399018951	20201745.5685203
"112"	-57.7658117013729	2.41493799680082	-155.061084350157	3.65147140877845	3.38086548779188e+29	-2.98397408444265e+28	1389000057384678	-66512.2194894213	-186197863209.268	2768140326.05157	14641.7855212362	6766552.39367479
"113"	-277781056508462	274903227147206	-0.378664315487577	-0.136665358668734	1.18688713184928e+26	2.67731154338639e+26	431548620807111	176820.867627458	-10094100085.0582	-3177668857.68978	25066.4539512816	383028.581437705
"114"	961752959766886	2639325277735.27	2.40967834527208	-5.23283772811141	8.45193857758867e+28	3.00152403760537e+29	399097107123062	-40603.7889493353	-16812676164.9644	-1890750948.69428	52160.7464335757	-841805.336240177
"115"	2287211866741104	1311255175622.39	-1.03690469332358	-0.0173253926736268	-3.25808361680648e+27	6.26271303492902e+27	272663299893744	-94934.0779545062	-5184143270.89202	-11583105345.4466	142052.546942412	1245890.6682193
"116"	-10.4826711140262	0.647604285736718	-3.91878396278684	-4.52764241399007	2.82951934481058e+28	1.63896458659391e+27	582687268137423	-121541.930442774	23550703561.6043	-21292789177.4676	81003.6241797708	134188.732804482
"117"	-3.0534069566099	4.01920878455021	-536.80381953733	-18.9802968697675	-6.08354759814268e+28	-1.64273564671762e+28	1224788304084825	62354.2168647027	-1570708656385.3	-82364781467.634	69916.8006090256	11288130.635029
"118"	-155336458811836	-388394084692.98	-43.3174362801638	0.222576537231856	-3.88574302988195e+28	4.18348148015406e+29	101835808612816	652648.489411452	-11819950353.6155	-10615621853.9492	-776.828680596426	-647173.565101024
"119"	647246039876995	51334777079717.3	-4.49243339480455	-0.0354524379023221	-6.10728330593022e+29	1.10148842296139e+30	854776807288138	-75610.7630005699	18000510917.2589	5563565740.56485	59330.7823731853	5164990.03016292
"120"	-0.960571295738677	-0.515606537256724	-2.76614462485697	2.1815592786631	-1.239606064483e+28	-1.28214662921357e+27	572805463638873	-37863.3338162603	-16916589259.8284	2882260736.98291	83217.5373694524	194507.35790063
"121"	5.40078094978143	1.09738581589437	-403.702244233632	14.2754587438559	6.2609389643433e+28	8.15548303563214e+27	2033387789429096	-9455.941713741	-8536373867.07498	-70361511.4171065	123986.695782337	2760209.14802911
"122"	78312153349684.2	-1755020518807.73	-201.30603778189	-4.15289085331441	1.04320942737269e+31	-2.18104423189376e+32	412044573922236	35346.615829812	-90729927035.1342	-1466110015.41843	11196.583256687	7181787.3924309
"123"	4893076905308841	309059817897132	-2.46693270945912	-0.261733285988854	1.42444931117018e+28	-2.74218555132385e+27	-40637581781480.9	171137.937872764	-14624757468.9718	-2222233913.63028	21378.7418142753	372392.241912572
"124"	-543823598061086	-1311997478666.32	-19.238919149979	-3.27885839290473	5.15208849370814e+29	-1.24481149862789e+30	397891603815238	52547.4346721175	-16528008319.4778	-4335785394.35066	-31355.3165820729	270288.893286585
"125"	2457390179969072	75343238468851.6	-6.78785242128942	0.0840048377691987	5.0273844923722e+29	2.40626253798929e+29	1119867377910357	-47138.8768872519	22735032682.4505	711736935.558931	45664.1438827333	-61993311.9794376
"126"	-559.927333385198	-1.69234022407134	-713.584848076555	462.99096273278	-1.98095203862167e+29	7.73876949488504e+28	1726349794244799	305694.670343285	-2259824966.38434	-2376834559.68584	13585.2242338394	-145382176.268356
"127"	-34.7592451982433	1.70286854347398	-387.705593180838	14.8501460275825	-5.81606521954745e+28	-1.34527107263658e+27	520786932629397	-45022.065684342	-157465378970.952	4532166913.02452	206.378972179682	6090853.60778238
"128"	-38594230332400968	31552132540843.5	-0.99245960430018	-0.00451728420608784	-8.09796850721595e+27	-5.51706469651393e+28	739004030143481	11181.0253331431	2973271274.42378	6828099616.42087	147001.214091239	183806634.964017
"129"	5598268468692888	26044102287340.6	-1.00000137193577	-0.000837855378536217	-3.5176290358545e+26	-2.48160564639668e+26	295320332826233	230622.916185777	9299423716.01765	-5362873680.30303	1132.3208834484	-403084.258612325
"130"	7417751270279489	201472263608394	-27.6147188375428	-1.88598176670994	3.19812288897865e+30	-9.28030813101476e+29	1437815468735574	272086.572980593	-8694501021.93847	-104519191393.114	-5949.6976736496	-88639.9428523907
"131"	-109.883788215185	5.48540602895619	-7.04093093328696	-0.743078042271916	-1.3351046346144e+28	-9.55342610896944e+25	1742034410091591	-55512.8189660614	-1576746921.59476	10362117956.4472	46491.0352279513	-690818.426260439
"132"	-28.1376687939308	0.454191207060861	-92.4345828879399	0.0273577896433167	1.83713312322616e+27	6.46786961691962e+25	467325856288351	94327.2844907229	-9253485231.00166	-22194200055.0798	173494.043157653	958843.878241989
"133"	-12.6910540575843	0.613750666350114	-34.3908780820562	-1.48636491163126	2.28940115203291e+29	1.17163299467043e+28	172189683629072	48205.2589327179	-8455005784.39565	-1822448971.76642	10317.6911841519	1253395.07767889
"134"	-48.0212720120785	3.13119834105639	-497.704250769802	7.45661924683943	1.43047938063043e+29	2.61675344857023e+27	742298002757784	211448.67244296	-27736835287.3952	-18507997390.4431	102438.148996361	2817935.89749639
"135"	-118794495856666	-14083616997703.5	-0.636791526151612	-0.131884550002353	8.8433060800054e+26	6.42376840396114e+28	150145804505575	126327.989170741	32714347723.2668	-3708891517.50748	-1600.59738669525	-1558956.81463806
"136"	-1534470037035090	37172059455539	-3.87042340523591	-0.0339434420223081	-7.01317002864783e+28	-2.78228094865905e+29	730875127786750	177493.18400332	-3838371578.88839	-20566674300.7472	361663.57446521	84878.9020778375
"137"	-0.0909499719043726	0.0514212602228939	-0.148568891765591	0.0170287370340221	2.53010804609221e+26	3.09165956707087e+25	217916214557212	-94694.0950633382	6865136261.2046	3187411851.75717	42064.5937115869	-1813.02950873171
"138"	0.885654374130699	2.20573499907609	-148.899477208267	5.73218251633401	1.26137434903256e+29	4.20037186185089e+26	1253551830995059	-14680.2545593792	-24230799254.3845	-179982268.78459	98643.5626092502	2796543.29239575
"139"	712964092708831	7032027685468.49	-299.774749505311	-0.762276421158505	4.17348158733373e+31	1.50462923144475e+32	580149051474984	86510.3058861133	-118512251008.759	-111986184528.984	18446.3889172431	7220971.39991862
"140"	-11.69520543834	0.959923844092806	-408.118474746809	-3.33507126641522	-4.94524350554047e+28	4.03738662547786e+27	749505108776994	-121593.980997541	419518433776.952	3133098514.60431	13.1989141697463	11801832.9386808
"141"	4471344024272324	3510346507278.59	-39.0785803741232	-2.21542909368067	-2.10069952636877e+29	-1.37578755759324e+30	129392791437664	262312.652101667	-3080864902.14057	-2136916160.94352	61184.3904749769	1538601.42096767
"142"	47999268639546	352903588172817	-32.7114119584418	-0.838022511496956	1.76323947116943e+30	1.09381929833387e+31	919276758213711	420438.054666598	219534528266.887	-9363072059.78418	64101.9422705325	14247184.0294945
"143"	-2022543901783292	13233013079024.8	-0.353680940499476	-0.739457875544375	-5.97910713616642e+26	3.86717440133822e+28	134907972730523	207088.484384511	-17079436019.5925	-1159683482.69185	64099.151421184	-304948.646113524
"144"	1595650552012204	-222962524966.552	-2.7681845535551	0.280359761146799	1.72647242204851e+27	4.15206398263822e+28	1191173213615760	-562.966077362508	-6005472837.37687	-3320573639.91572	19490.4896420819	4072518.25876723
"145"	-17946375060084372	3662982449071.91	-114.904875916477	-0.349345596430781	-1.25730126108554e+31	8.3430537891573e+30	146973330704837	268472.4641478	-82697202288.6144	-4475836698.68123	7994.25243732722	7244801.84351642
"146"	31234636087207068	300487317517092	-9.67085890263775	-0.620786218410505	1.15103630270031e+29	-1.15889604800614e+30	684085977738304	260979.037958991	-82663285542.143	-333212646.483164	55332.7844895755	164987.948992965
"147"	-31.0525515093746	1.93890769349123	-13.0066858972262	-0.708422251282831	1.0309256681185e+28	1.71061096707182e+28	433876562956161	211636.952974009	-5686438054.92603	-7842845842.51109	-18632.7282603818	1057649.83873095
"148"	-77.2818309632258	0.990431966184894	-49.3972274353136	-7.13927349207689	8.04503626375555e+29	2.08684171130657e+29	582700091626022	-120665.320941257	-42968272724.9145	9748390308.17991	51399.7667646999	1589053.88480787
"149"	9134575105670970	26265516594351.3	-43.1414754136176	-1.15026431452903	4.7905664311742e+29	-7.4740178370455e+29	857167207207726	413371.830496363	-20148460871.618	-3590779051.57915	116409.677058914	1382266.35633603
"150"	920557234892800	5546668886841.66	-225.140247559212	2.00540331790862	-6.23150125940586e+31	1.98078549340686e+30	417779144444001	-65619.1454569981	-224462139634.504	3968303729.87206	94499.7662750451	12437213.3971531
"151"	-3.43350493930647	0.189511080753892	-0.242676119518284	0.00404454370602305	2.30995218779255e+26	-9.30759158143701e+26	426731374586382	-4277.11031329492	2720970772.7236	-5688664936.84694	-3338.72683804632	26678.5245931564
"152"	5256448088054068	53144981061031	-2.31401014085667	-0.0562597015246794	4.7713240975776e+28	-1.1474736563914e+29	687577691112592	212206.378155053	-8486581038.73222	-4316025866.15134	4492.06175654694	-410994.941329067
"153"	209243473046241	32506427298099.2	-109.477714387125	0.934431077501385	5.21875654508181e+33	-1.19856379114973e+30	939198528306775	-47201.8649162121	-77541835994.3351	1935843698.77516	29016.8827307333	8037811.04351818
"154"	357402354066988	1849286926488.8	-149.562381845352	0.183317810719445	-2.93471152051635e+30	-3.42589616770583e+31	78498776881508.2	631680.511284992	-10137567480.6098	-3811996160.50266	3305.57231405183	-1337488.72821564
"155"	21050667816757780	1799354291708929	-0.772511126402861	-0.0659822618226393	1.37829355604773e+28	-2.02358742497804e+29	1176790036929352	3108.63446196136	-8423921451.6167	9117354667.96092	10005.9682208824	-273183.791857097
"156"	-235308082096677	17602812276655.4	-106.969427467808	0.866269339837376	5.74033612566131e+30	2.63345149796927e+31	879438229591495	261085.297527553	-8371492443.31028	-10422718283.8985	230751.251539719	2077871.71434545
"157"	-217981130926530	-1489353372198.31	-5.62477648084962	0.127513667620317	-1.36809776286168e+26	-6.04385343907237e+27	157597294748177	645874.145940317	-10960400283.1397	-2890725008.01256	-12024.5851009197	3964272.36529405
"158"	3897080314922872	31042020888988.3	-60.4443145736536	-3.33368808966697	7.48789127179042e+31	2.35716073896923e+30	683464276269052	-42975.1379947893	-33359882857.0166	-7767509462.36012	-10429.7321829517	7132511.12998969
"159"	873519520093650	1353249955632475	-5.27148799694775	-0.183710287638586	-3.79974960515822e+28	-1.12198545137434e+30	2344414299613568	342603.289070668	-27110435547.305	-26009329693.8119	13421.1077773591	5431498.93624105
"160"	8417218553324818	5329202665556807	-46.9397917322101	0.0153415685125858	-1.71211060496011e+32	3.77853464096837e+29	994481100270056	-28866.9823455764	-35268899664.84	3306776856.3768	111856.512068306	4131944.0408216
"161"	-787756979419652	-5022787393463.45	-0.376578969825572	-0.226822227258273	9.76509221624651e+24	5.90596620136204e+26	216221871918628	32922.1545471086	-36647333140.3503	-4940419824.09145	16070.8558092036	3709989.33289727
"162"	-34.5660374772273	0.83228572029164	-626.823341283184	-87.0843084789914	4.56394824727686e+30	2.47255552789538e+27	341189648979116	-109796.04347478	36897617336.4991	-4330797767.3073	185858.191075971	45582078.6884554
"163"	-4662688979857912	1877361829918.05	-6.81595175827143	-1.34183060247427	1.00700494989559e+28	1.52169880626781e+28	119571321469115	196502.239681762	-12370125607.0013	152159478.590204	27909.9722378287	-1816666.8882169
"164"	-762684483770476	3674597836777.95	-3.30258113971895	0.124358055966976	1.5390633557273e+29	-6.74592842190287e+29	390704110025587	-29020.7994845783	17626928756.6441	4440699172.48008	-12935.6470634985	-28133617.7215317
"165"	-36.7381597656581	0.788522516326718	-108.198498691809	4.53383296437397	6.02432196645817e+28	1.42901597340493e+28	508172999568317	-72698.8857880972	-12770960987.235	-5807407294.82248	169203.08187732	-145434.38819143
"166"	-24.4089957058191	-0.0331166097262749	-26.23910917307	-0.460998274665199	-4.20661061562049e+27	2.4361293520619e+27	559498802252540	-58628.5682911367	-8838877896.87937	911435294.780654	109352.142984421	1436569.9413595
"167"	-49.521190870999	4.32504619491745	-223.720145510179	1.33461189850379	3.49050645769636e+29	-4.07316480332138e+26	1623713182577738	198310.593188672	-20721394786.8181	-39792684638.9471	-11293.479997986	1537555.91040467
"168"	181010780761764	-2431819653243.41	-60.6296338259076	-6.25161943772594	-5.20119389410618e+28	-1.21220242696321e+31	59745798479267.6	183510.303843314	-7348797343.72532	-3405201870.53731	125968.805645618	1985549.87030682
"169"	-26.6628878160081	0.59465699910396	-331.45355338371	-0.972398753438346	-1.0635066743815e+29	2.7240655733797e+26	46138261085987.4	51146.6381177225	-48224731827.0176	-6758019819.33042	20167.7910235706	-235987.253751375
"170"	-188.233958388915	1.47219515939047	-3.99587428961334	-0.97394148593825	-1.00758089172735e+29	1.06063618022438e+29	731734988571496	100713.81544251	-3277746767.82511	-27549781204.9833	-2589.77696693462	-1499203.89373796
"171"	-57.7419933885197	1.11556127206622	-33.6913018021406	0.110190272726238	-4.84987232796729e+28	7.31833663165298e+27	686192418316101	-689.339201318424	-7527250700.87537	16323118637.319	91278.3497662947	-810334.916204574
"172"	-20.4999855051852	0.878838959483661	-121.037879631846	-3.505011511587	-2.18895452471659e+29	6.69186871583854e+27	579817138026149	-128207.565792132	-19782180141.6141	66010040824.0144	25331.9525900275	10271675.0408361
"173"	2874141414517616	3436642127773.14	-26.1485507551829	-0.0291471653203339	8.15473122007158e+30	7.38208363639853e+28	651524024605434	-89086.2836155884	-17438325261.7039	4798542900.88255	77047.1985720468	5433055.71449325
"174"	-145.034177260112	0.998353960973765	-829.616362940073	-31.0235679886572	-2.86011747702568e+29	3.99861080632184e+27	285960920958868	-105415.389188652	39998736367.1614	-67833888097.3715	57277.8517192279	2349158.16469044
"175"	-4436065481354154	22413313122438264	-0.788771704737704	-0.338941336362031	-1.95184956991214e+26	4.5854769003278e+26	99071777224193.8	754264.125504102	-13283256475.714	-4210809061.54698	14626.7120149642	-1548561.56374741
"176"	-5.711318583406	1.24195195527642	-20.8501959029685	0.026999001386259	6.7471347832213e+29	5.79798864819168e+26	493483721110370	-19893.380717075	-16146636690.0937	5086735004.69112	260284.889497285	2251290.00067547
"177"	-35.1791184127443	0.472165347180325	-6.46704302793805	-0.27596440092097	2.5664409890686e+28	4.73589113093755e+27	446482252348729	34368.8351657595	-5150237660.48355	-428468849.906945	44664.7251004372	-751851.092096081
"178"	-106.882550542881	3.444465149314	-729.641069526635	61.8628711519128	4.10228580319985e+29	-5.76742208168528e+26	1074484250263027	-10528.2730275282	35950675614.5302	7208105806.00945	-17759.4770820819	20696628.4010371
"179"	-295.865929811328	-2.20426219432169	-668.204383299894	1.32033582959815	6.0058786323459e+28	1.14024389873452e+28	466958564327702	-7079.94295784223	22819948549.4279	-2642872241.02486	129977.269484791	728842.583723824
"180"	1878097262575309	48366544690880.4	-1.28672801186542	-1.17228936512159	1.55509766049988e+27	2.88222349467302e+30	1496624597382660	341346.76906879	-20446926237.4149	-24016889706.2333	-5133.00468186702	-29460.0915461052
"181"	-16.0664874849121	0.533644098434853	-8.06690175468141	0.149554722395034	-2.31715356547063e+29	4.26635664885845e+27	481511672625486	-103207.554800203	-2748214645.59404	8326839213.09536	-7617.68148295973	-765023.943711548
"182"	-2330669720035364	38889924543878.6	-2.07571070185319	0.117026112803457	-1.39393053246142e+27	-1.22232388835293e+27	419393969764675	272867.946826112	-60409648186.6845	-7108213137.49735	22854.0340738014	3656217.02041345
"183"	-539947148746276	4915581307238.2	-665.351188891489	4.36620881911933	9.70668496285337e+32	-1.38209974749121e+31	1052002468428465	89154.7594888067	-582761727473.905	33944711714.2291	45077.8900075394	6835448.15874048
"184"	3158350293533332	103863061899183	-7.42032012903638	-0.441980924738355	-4.90119134886647e+29	2.75063599093307e+30	413756410040029	155591.600118124	-13207829769.6888	-4174384459.89773	135122.180533032	-236055.782225022
"185"	-54.311212589652	2.57880725392762	-274.934073669553	-19.0177687745484	2.39117743022151e+29	-5.93024545219474e+27	351409201997431	47589.3381489204	-36168481345.4724	-28859768.9996085	8112.87921371083	1469033.34057531
"186"	2795966027688848	14751190223640.9	-145.163419229756	8.19165473883859	1.17285856182791e+31	-5.9480189722393e+30	343803925228464	90304.1993442906	-48485649137.6696	-11757263504.214	107097.824175904	621370.403249278
"187"	-1035850558178502	8424745168691.88	-117.78546155898	-2.43577357468649	-2.5252307730059e+29	5.55066984371903e+32	715682757201833	218498.055961524	-16882016509.1551	-3105911765.75859	203157.953815605	10400021.9670562
"188"	-2.51439465491287	-0.036245755996071	-0.934567221152373	-0.00811965222962786	-1.45213359622962e+27	1.26484764877882e+27	14101474909615.9	-10980.4959377413	4582444425.2619	-2936130651.16334	64911.3638990575	41423485.5914422
"189"	1922901808151301	19270407449607.2	-40.6469576744352	-0.707642452765611	-2.8447995704095e+30	2.0242729657884e+31	944975986420017	216966.783999369	-14010768752.1072	-27015078769.846	118400.651995456	2876793.77415857
"190"	-40.8392714653618	2.15997325501017	-60.8972381023793	-1.63695754354275	-2.48525496139291e+29	-3.91383458188015e+26	381875923258137	66659.9114094805	-3216454650.13933	-101894159291.384	121694.485831423	-780619.521565513
"191"	15.6397968670753	0.238023049792345	-40.3410697517411	1.85264807700546	-5.76669284156104e+27	-3.90170369532014e+27	322292752952553	-35038.523907231	-10058734885.711	-2471778391.83726	22049.0143098397	5461148.78418646
"192"	-182.388063334015	-0.349688076330059	-177.188987437964	-4.23834985683678	3.04375205684737e+29	1.88565124874031e+28	990817466461123	-26613.7195396084	-62160061555.1299	11260794958.7152	36306.42899831	1046627.97526572
"193"	26629985869347016	5657518423389995	-16.0400121081518	-0.785794050128865	-4.58734115389403e+29	-9.02279826172825e+27	1095367433005440	148820.3296776	59552250909.6104	-1616536516.13152	102156.146150198	-67815874.3152192
"194"	37.4830281764119	-1.38930034249059	-654.126713245844	109.594045698503	-6.70764293672611e+27	-2.09111766820366e+27	759524819915601	-43979.1896865843	20094593135.2466	841307958.824655	39070.7160902746	9630331.27190596
"195"	59816720718578.4	2464018633213.63	-22.2616232796707	-0.384122648799359	1.15296010842618e+30	2.29215510871083e+30	457750284187858	178583.156400946	-8447516310.16031	-8302773692.0542	-22953.098308762	1392564.55982003
"196"	-9.76261746271313	1.97922856593997	-124.9293393298	2.98745564083013	4.71388029759089e+28	1.24422787398677e+28	818979519659862	17944.3761289911	-20850124599.8996	1923047163.88646	-13669.0922706147	1829313.84986084
"197"	-91850577563731.7	-333090385789.699	-298.084991331943	-7.56556508063909	1.53805957691703e+30	3.50316233402761e+28	225431711171884	533332.387155659	44037915237.4914	-4338118764.88058	80238.5514172905	11464363.4895382
"198"	-1.14212330879561	-0.807291496426444	-3.67120430936075	-0.266300878874036	-9.5296830270183e+26	5.67932732018858e+27	447547477022363	-23875.2517799594	-2411533796.28003	-2346148444.79407	137837.281044835	1920845.35053921
"199"	1437592237558399	17596290355691.3	-5.12351060140812	0.829624062060278	-7.39135421973976e+28	2.14129640163349e+29	810609883007295	32406.6024224817	-99665684976.4116	-278332654.873324	-16469.6289301025	3293522.6032375
"200"	485413031788334	-17003856922678.3	-0.610329893160793	0.00111274969054722	1.23370948410076e+28	-3.12719332286834e+25	539478845675306	-87854.8522650475	11340579978.3032	-4174291297.89422	40966.2954732916	5055612.33498874
"201"	-6.40168173252723	1.81583036509115	-257.824854016659	0.0141722458692806	4.81238029993953e+28	2.11379010095348e+27	809498678451228	-29251.829261979	-23563252831.5877	3469496922.54885	48073.6129083945	5703538.93775526
"202"	-3.25220827001596	0.548226287153837	-4.96764909846734	-23.91354274466	4.08639904223636e+27	5.70305314504085e+27	207621194504291	84472.9323269205	7107906616.4669	-6953184376.3498	-7290.05644758362	-19822.2482553653
"203"	1218.12508342776	-0.607129554509099	-551.799724756398	-6.20790389617262	-1.307631406803e+27	4.59536009989648e+27	316003022057365	332397.402654322	5828714576.46001	-3168394340.85584	36753.5531833371	637967.058629925
"204"	2943757825034152	69358365210286.7	-0.362006325992655	-0.0570215937336115	3.56311023635857e+26	2.98111762572977e+25	719489454047061	113952.94619597	-11942551266.0466	2360063795.31785	6531.26679823802	-123333.936117226
"205"	11266449685063256	219650476592078	-26.1490328855619	-4.67683849571156	2.61258881660011e+30	-5.69741521725983e+30	1459639802188745	756826.063885146	-14564305132.9773	-17299227553.3856	-23817.6436540933	-207305.588002221
"206"	818.879216964677	1.47141939518649	-1089.96427285883	201.904199426553	2.02394428644492e+30	8.1337389892431e+27	814625010607193	568096.271707074	8629707966.58402	-4328719712.1771	93949.5286193719	41107761.0398376
"207"	1940795951207386	-5512975731863.24	-1.64125804719532	-0.0159486852260363	1.10658795994744e+27	-1.66727466858433e+28	585677202848749	-60563.7045766755	9686088917.82219	-5079073639.98721	-7588.67022656913	59731240.4024411
"208"	-10.1769066747558	-0.11811983227135	-76.4778711419635	-5.09227963809302	-1.0315973738274e+29	-4.34977786949846e+27	605266697422525	-196078.643829281	-15542448618.4234	-25874133899.5966	-8487.58334839795	7923617.66768546
"209"	-1563.3392932407	1.9642059655839	-490.201408734257	-33.7588727944812	-1.58080134458412e+30	2.27815703920403e+30	375425586571398	-22270.928554345	-9137584148.63448	-28963719264.9744	105833.08573956	-471185.786518676
"210"	138780488579105	-3251618200819.92	-1.73513616844192	-0.0164382816551322	-2.78638678362323e+25	-6.85297848257281e+26	24463325803604.9	200209.97148262	-6209989641.77652	-2997059915.91757	21356.9783937148	1682701.46332727
"211"	-2361000552973087	253790636564.976	-82.7861013425065	8.38562754100566	2.20725170816884e+29	-8.46224490961072e+29	161058127435494	287080.421041418	-40209052236.7858	-3192226430.52609	32933.6924881686	9423549.40694264
"212"	-124.47501344596	2.04370760192516	-1026.97412619103	-88.1725474652408	-4.91870305990536e+28	6.29150594676028e+27	238499578914685	40135.3441797582	36174421684.378	2084175868.01935	228754.736847151	7246229.51205434
"213"	-33.6543320647479	2.72947948711831	-154.653011271502	-2.64506907256153	5.8873374706474e+29	9.81578733604657e+28	482085082736050	-65037.8992173546	-8857243426.04849	-1307119038.14099	18964.1341114515	-101822.723802138
"214"	1868404886859916	28332589373554.5	-1.38171687057194	-0.00954379880413709	-2.07654266239418e+28	5.78253572984068e+28	520001379057446	399623.341481771	-4478412109.23218	-3767483157.0351	48619.909382095	-298310.79404424
"215"	-297610450538404	44186436320563.3	-1.64772940162587	0.249574568549654	3.98644483338051e+28	-1.34929415382024e+26	341113616765251	162463.023237654	-18310227995.317	-2693429437.48431	-56.8716855449342	676220.177524145
"216"	-17.2131035337719	1.63922824080444	-122.6168136991	-4.09562362199165	-1.85974931168937e+29	-1.75213547563557e+28	889281654302724	-172196.125041595	-39742306861.103	1374989395.46631	151330.07920844	7610951.12835298
"217"	-14.6490407603594	-0.281616565306147	-128.100116934929	4.74678187910445	6.98161325483907e+29	6.26066992878516e+26	476634597897812	-42023.4281494899	-24665862911.5553	-2464410408.49571	80215.1773134042	4017857.1527176
"218"	600800125377544	4632890052144.37	-407.874904220199	3.37215922292111	7.22990742355384e+32	2.06285784162971e+33	250239792022511	18286.6931733398	419469618685.364	-3213581060.24293	43176.5223366511	8113493.39137633
"219"	-47981364242356240	40771147129602.3	-108.62319263531	-4.47230993598531	4.0902272229831e+30	5.45515346291451e+30	459612136571182	150741.905361998	-57401164542.6791	-3429154524.07682	399498.905126015	4705254.69086012
"220"	-9.3972633639421	1.9625752239271	-421.475585500335	-12.4820451210311	1.92952819509646e+28	1.22076569744615e+29	333093853376691	58433.7436600373	-115469726539.606	-3639838249.72492	34446.7096782635	4260892.00668217
"221"	-36.3691654153282	1.35130408092607	-159.942241505252	-12.4769117490127	1.32639649469981e+28	1.0730301029162e+27	574437860934842	-189579.024457769	-105852678955.633	32824609387.7433	284592.482568116	5530858.261864
"222"	-40.410619490947	1.23144354521883	-5.26706294047298	-0.762691893654931	2.55788425044956e+28	-8.31075126003717e+27	631467949515985	205974.060212368	-6005422891.53073	-11506940342.7464	-4248.84041413055	613637.596117804
"223"	4253763732973185	141110693338384	-2.05791386526266	-0.092258899894533	-4.28959928793447e+28	8.72675647907852e+27	823213507084018	611146.158887556	-15149946628.8069	-1761906419.43003	143492.903561401	-274383.757489158
"224"	2136991771411560	-1724342085417.99	-6.00860326805655	-6.63701268119995	-9.96958222485499e+29	-1.0210010259886e+31	-76512454098872.9	2338.9478059301	-14804538520.4346	-2523058094.75817	20889.9617520557	1192731.64930047
"225"	5969553315425554	35392326953666.4	-13.5753483525369	-0.601353140935608	5.9830366687869e+29	-3.98702935693915e+29	1362602083352524	215129.664243843	-6577777148.18804	-15307030648.2979	95573.7447184506	472202.058708969
"226"	-365.703838103211	3.85292447796289	-1218.68322569376	92.1083579541572	-1.35671787670362e+28	8.62326974748303e+28	317069439060415	795073.517359272	-4130669546.28757	-1995690455.07099	29480.681178313	-234019014.939515
"227"	9000879099465330	-1161279049706.77	-38.6279134967252	-3.92693316899296	-2.36710258880129e+30	6.40458408505592e+30	91800739875478.5	234701.807385477	-14545336707.15	-713961020.707127	-2364.58932578214	1267141.93106401
"228"	657242595184065	7887622853066.99	-33.5768599398359	0.393003957759548	2.50586720128399e+31	-2.53475722703214e+29	855726350251738	-2757.00106363653	-14618713484.4016	-587239371.126581	-23147.8177558951	5841738.72127353
"229"	139731628445800992	217023419990299	-4.83244244129864	-0.909427595020922	-7.42175979381714e+27	1.83674820605145e+28	727736537323322	293409.423430479	-68752355847.3774	-862675838.390674	109030.36952719	5342320.34604987
"230"	2137234091131658	1685259034811.01	-10.2455976440739	-2.24125552449979	9.29886941527368e+27	-7.43439659114114e+28	-58811139305222.1	66244.6713583186	-174965990241.908	-3300456639.06772	70910.0906739911	3890177.30686757
"231"	-55.0247177490703	0.978185963279471	-1776.40519835625	130.24604873108	1.29582068315303e+30	4.3575913887088e+28	506004986881034	-79529.33586569	9506448085.0911	1796026772.58655	25754.9777826734	731212.803504549
"232"	-4577708546106355	34382908431536.6	-3.15846307300749	-0.0872223020183471	-2.83754978807784e+27	4.33029651219595e+29	577054014837307	89312.0520017848	-3262089789.88747	-6854914375.57947	267646.411255744	1644262.86032113
"233"	-2.01266319653777	1.54681695849524	-10.2039248805667	-0.146563507064111	-2.53133769008782e+29	-1.42852994457667e+27	553854210373924	-36582.5185390307	-6789431621.30404	3495715827.42809	157495.133668667	2946522.05557715
"234"	8124149734484063	313718391100517	-11.8160259225972	0.101288863419156	-3.39067512951619e+29	-1.85218135912058e+29	1167885917585836	220494.510223039	-38477931804.1939	-15075893101.0131	10830.348410162	-173152.159337858
"235"	274045493860603	24766879016116.3	-1.72619837845452	3.6568418109432	8.40372885487373e+27	2.92438494574136e+27	437110552491438	50708.5874008043	-21251956863.983	-3836386315.50911	50102.3140249506	551785.637476223
"236"	-139.051617387616	2.88323113202651	-843.343796489527	63.2476737290173	-2.57902505870679e+29	1.80575976857574e+28	983854782076044	76853.8539406776	21691417181.5093	15446693629.5649	76021.8059809973	11081836.4662189
"237"	8152273070139653	108216481990164	-2.51027744405579	-0.0533817940616357	2.74137097922441e+27	1.19088902515806e+27	671114126139959	387800.080081887	-3559454081.92013	1106249076.18051	272077.981775046	896466.349794905
"238"	789423694233763	12561460844210.9	-474.764002211041	-31.8183971449326	7.4161640132877e+33	-2.81223675724043e+32	662649320662537	30572.7289920164	301351390956.283	-17835882458.5559	122169.401539622	18068914.5939347
"239"	-36149200628766328	29870135732893048	-6.07061465506192	-1.56444921204287	4.57557288995484e+30	-2.75540782364867e+31	1016545186906057	293517.271664429	-32784091029.7316	-9468906113.30918	-21513.7045578367	5472519.45456051
"240"	-746639881181176	-2430342775681.3	-468.678245379304	17.3363190990281	-1.10129502563144e+31	-1.87522933948985e+31	8058714641774.86	173289.016150253	88789437998.8131	18497937734.2467	12486.3357260261	4657463.99894397
"241"	-73371.9730205034	1.40713683671981	-1023.78044785957	112.637252347804	-1.24009654089099e+30	6.93441453927049e+29	144698458906231	386947.236251458	1093256407.07672	-5505598786.75379	21623.6513168232	17841379.2966308
"242"	-68.6521885677376	-1.06539092974434	-441.679235760821	145.544696246417	8.24580659203492e+28	-4.43857567520241e+25	1047670327293151	-25748.2339249908	29190980945.8256	8145766258.34771	103650.723043146	28207812.0191787
"243"	-2533821952981754	-381131509103.654	-565.240220680837	-129.652723556939	-1.98446515956787e+30	2.78237691218214e+33	51710266321308.3	302225.788749934	10247037132.8625	-1465410999.23857	49667.9598992109	42834357.756169
"244"	-788305135183747	6424483421135.97	-226.753127390871	17.0914567909515	5.58264820004447e+33	7.68465917996512e+33	1057586913486294	-34352.1765231682	-83100600322.1229	1721317379.11801	155486.312712041	16107886.9780281
"245"	19892321100509.1	-185683278613.012	-224.358997902398	-4.81480143796556	2.9707262957394e+32	-6.4716887488456e+32	167250015262340	-77284.0933053338	66829752871.1056	-1960892124.81299	-14129.5241715668	19661399.9396249
"246"	3018693010356900	2084206106604.75	-341.551051504102	33.7733523242417	1.4613827531351e+32	1.65427595059735e+30	534698379190290	98374.9803557121	81194788819.76	-4302945966.76985	8177.23303660365	9063157.39724726
"247"	-30.9100998338656	0.987032362349117	-132.551921950213	1.62392268576831	2.25534221200022e+28	-2.35792592112716e+27	658092854267334	-16610.5017666287	-14452767458.9713	-6625447040.80459	204753.421919434	862166.585675003
"248"	-3848780937178832	5911004554520.01	-2.27306670015988	0.128328083240882	-1.99306696774869e+28	2.3232662188798e+29	85309968984448.8	551741.894332161	-3044447454.61933	-5772931194.97521	26450.1480587139	-2308948.10898026
"249"	12.5587068511307	-1.13413706641916	-170.917513773011	-9.49416360109446	-1.10761477188266e+28	1.14925980690535e+28	370503318967052	196697.058255695	-10388949849.7097	-2532631141.25785	44250.6826479873	2757702.74856238
"250"	-479030219110894	-5550059150236.19	-1.19814102791917	0.013985489731185	6.35031003381601e+27	-5.91760166621609e+28	453155303680792	-78358.0382370944	27659203877.014	-19754693489.0194	55961.0351353624	1670342.93063406
