"V1"	"V2"	"V3"	"V4"	"V5"	"V6"	"V7"	"V8"	"V9"
"1"	9.99244838594137e+30	2.34484375072404e+30	7.78263791936736e+30	-3.12761804276437e+47	2.96132852423124e+72	2.73831894271812e+72	6418583811846102	2311690553472.24	120034157748539
"2"	1.57318466040533e+29	-7.14984471312348e+28	-4.06698772681331e+28	-9.78412015223361e+46	-2.37607157754596e+70	-1.70079768420116e+71	170664475335181728	170140025495.237	36082023681626.1
"3"	2.15841694604146e+31	-3.40440776876952e+31	-1.09241759041869e+31	9.56125559144874e+47	7.61124852399079e+71	-4.94309700189746e+71	200592314246108000	124179177418.52	-112400132806953
"4"	6.99857218650095e+28	-2.82781708428481e+27	4.8959182701647e+28	4.42032395445671e+43	4.52049104989153e+69	-1.11838659368132e+69	142649160249697792	280787740028.127	39542414659382.6
"5"	1.18089428070563e+32	5.01238817236073e+29	-1.45883135268399e+32	-2.75184343553953e+45	1.64359119345406e+72	1.66834982123069e+71	9105529692584316	2065625996825.72	-289631657320434
"6"	3.5070659255555e+31	-5.74334052092236e+31	-3.71665940013808e+30	7.41501141400532e+44	-1.99940893157922e+73	6.41378160393436e+74	269791872308521376	592724761117.146	-237319858236033
"7"	2.42748115881351e+31	-9.35228367251579e+30	-2.46923442166822e+31	1.01866254983357e+46	1.76587736450874e+72	1.26460633093455e+71	162695546229333696	-635909187872.612	-89405723895518.5
"8"	-2.08794327820703	-1.5117169334873	-2.99449013254529	2.65082678226695e+20	1.93452493158689e+60	2.02847456393012e+64	264390943524056640	-11501160258.3348	-6302193428187.99
"9"	2.25799820758615e+32	8.11174488619847e+31	-3.90038543265083e+32	-1.36083396078375e+48	-9.98099467373104e+71	-2.8195537432525e+74	13743936707217004	6737632599043.55	-715935512536844
"10"	7.63549770575865e+31	-3.28451716724758e+31	3.59501833839734e+31	3.02142180652887e+47	3.55681995313026e+72	-5.68911150219678e+74	-5929129600987695	2081130394987.01	-199726096206433
"11"	1.34795551313571e+31	-4.32371201934018e+30	9.03438730903137e+30	-2.67433045279013e+45	-1.09405525773168e+70	6.90566899160176e+70	60267742015342960	3858255276501.9	132500483771480
"12"	5.39012230440058e+32	-1.32072829460708e+32	2.86440001681372e+32	1.27930685636367e+48	-3.70423612465405e+73	1.49622166472456e+74	187377945238525984	17434594102666.2	-2375608646000180
"13"	2.74289971649934e+30	9.97008529172652e+29	-1.48447422158143e+29	-2.67294522618094e+49	3.1830920261413e+74	4.79734083815336e+73	76665836947581088	2330477920270.62	104769177612308
"14"	1.60401876582978e+31	3.39253453967993e+29	-1.12107709288805e+31	-1.26398550134046e+48	-1.64327189774174e+71	3.89251739827566e+70	70655430727678240	5736832029228.5	179532129111857
"15"	-6.87722201101905	5.44444877934019	6.86430429730185	-1.6468949863268e+23	3.63388715035692e+35	-3.50858429698468e+40	183405073604246816	6833311860.63071	-3623742214653.76
"16"	3.90892509070536e+28	-3.2547298700235e+28	-1.3596543626822e+29	-2.07730349016707e+46	-7.83478568096412e+70	2.15682821042049e+71	225429205658477312	326035905140.141	35116845807213.6
"17"	-7.04317951645034	9.55194887827922	8.04989169761874	6.71654021333705e+20	-8.49988141154178e+34	3.9609306011394e+42	152093673873797728	38126927262.1404	-17185730482670.3
"18"	4.43610450938819e+31	3.97445805124195e+31	-1.23541702244326e+32	4.14205051106625e+46	-7.00175919912351e+70	-1.37085580829683e+71	8447455189656616	20820328399178.5	299986988884031
"19"	3.22254809412162e+32	-1.12381949491221e+32	-2.93911083741873e+32	7.50710792985865e+47	-2.73924105646591e+73	6.22188085113719e+72	234845719232605696	2026457679436.92	2088892875269806
"20"	1.69026048336606e+29	-8.67489436524769e+28	-1.13890018086331e+29	1.79672720536142e+45	-1.42031800314526e+70	-3.713363672376e+70	374250740828545280	30265081821.9595	32709305206703.7
"21"	1.07608445696556e+32	-1.44408639363102e+32	-4.25304776852948e+31	1.12603309088461e+48	-2.24578184363678e+73	-2.26788450233455e+72	176672904749024352	631816547723.278	-141355167295603
"22"	-1.48031420442357e+32	-4.47259800114159e+31	-6.43237762038363e+32	-6.85810995344951e+45	-2.12021909987241e+72	7.3713915901369e+73	61787575594309104	27566344239665.8	2384531518588396
"23"	-1.32176486027864e+28	2.38271645103994e+28	3.13921226788181e+27	1.83416832868034e+43	1.74221954675076e+70	-1.44640119115542e+69	3159839859315660	125398547929.64	27069560601913.3
"24"	1.13019844232635e+29	-6.69666916520202e+26	-3.05791656806315e+28	2.50944526835706e+47	-1.91913527891301e+72	7.22216928645524e+72	239080428807042144	179092244650.628	33531796632868.1
"25"	1.01419241002862e+29	-1.85848409058644e+28	6.10068756304639e+28	1.38887736234552e+46	-1.93239055492548e+70	2.18185565875507e+69	198410624084817472	344220576437.335	36481089179510.1
"26"	7.18494503205329e+28	-1.0730959949679e+28	-4.89773511977198e+28	-2.66399985251296e+43	1.25983484669831e+71	1.00602027588968e+71	117554127647175024	83580841857.3714	25504054460414.5
"27"	4.78380356091764e+32	1.24952113704947e+32	-2.94833781267417e+32	-1.41887257050448e+46	5.41212375803478e+71	1.05705937296764e+72	-5177847994661454	1573525370113.19	-163906954627684
"28"	9.58351592629127e+31	6.72670697325512e+31	-4.33490045929538e+32	-1.10591361471655e+46	-1.20845754056619e+70	1.95164105670038e+69	-24456487809163056	2454056906864.6	-218234316477005
"29"	2.66306441615962e+29	-8.10159611361475e+28	-2.58742635991465e+29	-3.38595358370229e+45	-3.09991048458025e+70	-7.22193591972637e+69	192603441629316384	304122829461.997	47737027346377.5
"30"	-15.3329508291354	10.9186129512305	6.38094247802958	-2.31435281490253e+21	1.29647008861058e+36	1.94467759958535e+64	214873786283502112	4390920655.73078	-5474815561918.37
"31"	7.05327840153099e+30	-1.817816816252e+30	-4.94807429708339e+30	7.78750195209874e+44	3.27223564779376e+71	-1.08823260969436e+71	175013630215420736	1218097913528.02	91153675249315.8
"32"	2.51862422239098e+30	-7.97202870483269e+29	-1.88957500834021e+30	-6.109492840131e+45	3.55788422974111e+68	1.03643305532462e+70	205397403468216032	671625494677.98	67880674114511.5
"33"	-13.1100601425335	3.84130297472382	-1.12353521425661	-4.53078048128497e+21	-5.93781644032724e+57	-6.55247553907318e+63	273069472007114432	-21821689979.9393	-12680613154662.2
"34"	2.99784492651204e+31	-9.64100885073215e+30	-5.00346911067995e+31	-2.67468267091927e+46	-6.04402918072459e+70	-5.6499048811134e+71	247393023243358848	4217973261524.64	188996066596429
"35"	-5.94513446692349	-0.75757270177089	-1.30421309288625	4.85209984422288e+20	4.93255164530588e+59	3.4178713037256e+62	171902512139373536	-26680453728.0027	-13240801774465
"36"	1.57352811135627e+31	4.3579655131907e+29	-1.87438666341219e+30	-1.20422380174767e+48	1.86631504144599e+71	-4.89081032855314e+71	90227390520314992	1898706340357.42	124864462146574
"37"	1.42431949861938e+32	-2.00701347810525e+31	-4.76240441783476e+32	-6.87167946663778e+46	3.66683843094241e+70	4.20064137783979e+71	171161888861675392	15793411794831.2	-932129994088811
"38"	5.38102123228682e+29	-3.24401565796092e+29	-1.11195832189178e+29	-4.55593366190225e+46	-1.19754148708579e+70	1.05585924410666e+71	259253540185651776	40795897374.6531	51493088647936.4
"39"	-4.89724111693978	-2.15732235381434	-12.3130277185027	5.45390255091023e+21	7.04886068640694e+35	-4.15568990632361e+63	-1477915815184905984	-6717469102.27131	-3996803017540.27
"40"	-5.25246798865699	-0.10731809465718	-0.498924284246454	-2.51397102312984e+20	9.09803462796972e+61	-1.68080711685816e+41	253936780718988544	-31704542042.8176	-13898862242096.9
"41"	-3.98718805805022e+31	-2.22070160593136e+32	-1.75959524013717e+32	8.81902795620588e+45	1.45772157456771e+70	1.48400783185379e+70	220760447247326528	-196254717225.439	-36627819433131.5
"42"	8.02983115815848e+29	-8.76846563331795e+29	-3.49550777673643e+30	-6.58638852323713e+47	1.43927074399616e+72	6.26157016583402e+71	92473830969024672	401698805773.591	77093982587678.8
"43"	2.43881239646269e+34	-1.5724435296087e+35	9.40648208897209e+33	-2.78503455176394e+48	3.90890581070684e+73	-5.83578237540356e+71	315251343228707776	947290985808.171	-162171767827986
"44"	2.00562625538414e+32	-7.254861364179e+31	-7.02979250803868e+30	-1.11075834158155e+48	5.56143966914983e+71	-1.33917156823548e+72	100663918586168064	2393920132070.41	-482339040082666
"45"	5.78116157734479e+31	-1.01198765897839e+31	-6.85425518571731e+31	-1.53551920449884e+48	9.44135450295072e+70	-7.43266226573352e+71	121835889365488480	7037569861287.6	184700001181992
"46"	6.76397616182322e+30	-3.75374722318042e+31	6.70379996623488e+30	-4.94716942726804e+46	1.36600634851288e+70	-4.53106120596865e+71	338818474782963008	50816650547.412	-73798798614099.2
"47"	-11.2348851559651	8.82810715742267	6.06547326428383	5.49048630620872e+21	-2.41834374095534e+62	1.42382002354827e+64	68914828938065400	329803440419.532	-13813384977735.6
"48"	1.38337727043181e+31	-1.5929652017141e+31	-1.87754506972633e+31	-3.25926359331771e+45	7.34894381841808e+70	-1.65680394298485e+72	128690450733624112	-314507042386.011	-40817840209329.6
"49"	-5.50513704038226	-0.383839313627428	15.0243124050215	5.71762517033691e+24	4.87232715829695e+61	3.94248014429922e+64	297102560959747584	-7079739186.81257	-4890904656872.95
"50"	-8.65240611205473	7.73431636849495	2.87460587620378	-1.56972458074587e+21	8.42455243012746e+54	-1.67939273203548e+65	306371015131141568	-27250950534.489	-19110055400819.1
"51"	1.0558234386464e+29	-3.35603736461804e+28	-5.46303403317739e+28	-1.26811405547433e+47	1.74449499677232e+73	7.45451051588652e+71	325244708854947456	33414489468.2725	28940624739082.7
"52"	8.1876261290957e+28	-2.35153431316011e+28	-4.6277989525945e+28	-2.81854770385988e+44	4.64920702457277e+71	2.4321153836587e+72	367300482243351104	209561453244.677	29876329963711.7
"53"	7.07904767431921e+32	-1.42915429965583e+32	2.10974255195667e+32	-4.56658653607857e+49	6.106913481413e+73	2.71677256298446e+73	114015478475347744	38770048440009.1	484927035661706
"54"	-9.73985161032995	2.56966997651687	-1.37389413935958	7.52909056007505e+20	-3.98392423926144e+64	1.4975914162948e+42	188278881419428640	-29005815391.916	-14205919690378.9
"55"	2.12214809309533e+32	-1.07961838028608e+32	-1.06680816935926e+32	2.05457185930652e+45	5.22800462897351e+70	-3.49566863813124e+71	159692948294971264	1594215951748.75	-227317265256749
"56"	-2.36961698916724	-2.39383674880838	3.96914818956431	-1.78398246534685e+21	-7.9491866949734e+61	-1.37245807557156e+64	130697529046500464	1153187556.34935	-6831936900742.26
"57"	4.45199249984949e+28	2.78902099162699e+27	-2.03016941824806e+28	1.33573078958193e+46	-1.11998980378523e+71	2.22398240905678e+71	137393467573167408	68002793046.7058	21002332747994.9
"58"	2.60058062879924e+29	-1.38692971089346e+29	-1.22954934983721e+30	1.25294208159556e+48	8.92156513483587e+71	6.30579894064753e+71	89948448851927472	-318799653438.441	41521496048506.4
"59"	-15.6475338784125	9.71553956902946	3.37415922674512	1.28109003926883e+22	-5.83399897515856e+60	-2.37795087895109e+63	236857722605706624	4855416637.73736	-2723600964807.6
"60"	5.94882185953924e+32	-3.83620479038951e+32	-2.35371621425867e+32	-1.28897718682046e+44	-2.18735978875128e+68	-1.20571908382201e+70	111328550634509936	390980341047.431	-112686952248048
"61"	4.12374380549555e+28	-1.4174645911521e+28	-7.09004681775472e+28	2.68162327512225e+43	2.56865780279806e+73	-2.28078040716304e+71	323538201353698240	247893276360.295	29927684333007
"62"	3.89011664635523	-0.140998823639223	-0.589798639667861	-1.3785052302305e+22	4.37079921026023e+57	1.38053256933662e+64	415025368432408704	-20008971611.0005	-9864982414876.56
"63"	7.99644991183394e+28	-2.37193602242262e+28	-5.07825425234545e+28	-8.32660901711678e+45	-4.51171073163027e+72	-1.651825642334e+71	212513529078338752	159666536642.042	29975898091845.3
"64"	-11.3934295898906	4.54575965889097	13.8023923618457	4.111722125199e+22	-2.06211903419055e+60	-1.97632115691915e+64	492424502693654912	-26180350131.8604	-7923415398860.46
"65"	-11.0701185569726	7.67869166949017	7.71770753868786	4.39023951004053e+23	1.40557318462201e+57	-3.08738488018364e+40	85733151359211616	78577196140.6625	-12520293356535.4
"66"	4.28700818146626e+30	-1.04999357178532e+31	3.84429981526182e+31	6.96599137639503e+46	-1.06977186863262e+72	1.38979173508341e+71	47659126328592096	6257017146543.41	201722960515110
"67"	1.28948801069639e+31	-4.4709429225668e+30	-7.43528855301215e+30	6.8552402001704e+48	5.5775978053175e+73	-3.56333857099685e+71	177072470898162240	2046343060916.77	116489126458384
"68"	1.21555658455678e+29	-3.53824106390632e+28	4.15220338383911e+28	1.80514477504745e+43	6.49832277223182e+72	-1.32853820365423e+72	241497513404240096	112373416589.296	38844081924338.1
"69"	5.9974231496963e+27	-8.19565546638242e+26	-2.97200655086983e+27	1.57315140626495e+44	-4.34799663539743e+70	6.31752633061113e+73	89893269340342096	59222992921.2548	16491094814202.6
"70"	-1.13438522577511e+30	-2.15521030068927e+30	3.92977057663417e+30	6.40934362316633e+47	-3.45348849819987e+72	-5.78017852126324e+71	239416766495858336	1947917999601.58	117822048473892
"71"	7.66964404006989e+31	1.89704055958349e+31	1.62181634724068e+31	-1.71515434704489e+45	-1.69936834084408e+71	-7.80165426581335e+70	-4884674201882630	1249607040707.52	-123921776706452
"72"	1.00901880189569e+30	-2.63352754706656e+29	9.19441579277605e+29	5.01214240858762e+45	6.66529140955166e+71	-7.04911751394532e+72	115379022608949232	660591161935.877	65543499117725.9
"73"	3.56256731030816e+32	7.58488950155518e+31	-4.96790358074693e+32	8.07219224182913e+44	3.03128966702461e+73	1.05677155559194e+73	-112267048911876	11804836761470.2	-1223676878540212
"74"	5.79256514912452e+31	-7.11698088054192e+30	1.85815189617417e+32	-2.07287135380144e+43	3.8474301916603e+71	-5.23516566576845e+72	-10715482699263072	2471938056975.52	-171355108834853
"75"	5.7404946200991e+29	-2.42509484322108e+28	-6.5481855422579e+29	-2.04632655568448e+47	-2.10710486458341e+71	3.77808761607873e+70	105999480031960944	131904239230.88	43821592866241.6
"76"	-4.37009631407408e+32	5.41997665927702e+31	-1.30170796040735e+33	-3.04200368546969e+47	9.09311805089715e+72	-1.47587261222141e+73	-13614192129396294	9824996602171.22	5361639816790495
"77"	-8.52980642223692	2.59356611103972	0.895918671711476	-5.3490007462519e+21	5.48382347081169e+32	9.16741855041054e+64	186709748484995648	3616951204.66422	-3427578204799.08
"78"	1.17690158563164e+30	-1.21997194071147e+30	-2.38072270783679e+30	-2.47959297686595e+47	1.3231277378989e+73	-4.6673890813955e+72	97774727838113504	459854629797.984	69871954396564.7
"79"	4.93938118215176e+30	-2.19324007951302e+30	-6.93451568052305e+29	-1.90402817361608e+48	-1.10063206517477e+71	1.01874974296867e+71	133001183147936048	1452454475826.8	106676167870559
"80"	5.88189103866926e+28	4.66259693826963e+27	-3.33811021952828e+28	2.1414517851837e+47	-2.07669114252648e+72	-4.51909766925887e+71	206928742508439680	180306682657.131	28023364088142.1
"81"	8.55121450060036e+28	-8.49482167121257e+28	-5.26599586254319e+28	5.25681479981883e+46	-1.80240027845757e+68	1.33176436139074e+70	235708147342403136	46138652625.554	32629481282762.6
"82"	4.82928661091459e+30	7.42672270732748e+30	1.6106524514546e+31	1.35720954076565e+48	2.75698324149661e+70	-4.84473266264925e+70	12129390590380394	2408495902522.53	141007630801831
"83"	-9.37121412076553	-0.0524828052430763	9.59894781392636	-1.10569645310832e+21	-9.978956271319e+60	-4.91266597130646e+64	343307685539752320	-4929689772.60108	-6190877539037.47
"84"	1.60558102276813e+34	-1.43831613872387e+34	8.69135546292159e+33	2.4474136291909e+49	-2.01936876895409e+72	-4.24695579998817e+71	-1086771965132875	63361334020516.1	-599177734329653
"85"	7.95386630119599e+30	-8.22474639055447e+31	-6.84782117944599e+31	7.33019012474998e+45	-2.05622125380592e+73	-3.80617751867957e+72	212818470048503712	-1747691580983.16	2863910231982596
"86"	9.73975991637154e+31	-7.19871579757776e+31	3.22233475263712e+30	-4.91699336092074e+46	-2.10912036326021e+72	1.77285940057018e+72	191391379117645312	6804589672318.37	300562886379704
"87"	2.88702053115838e+30	1.75557803601286e+30	2.88845433337888e+31	-1.85047377403029e+48	1.63970485614581e+71	1.02188779953803e+72	54561222035101640	1504462405622.19	165730385249830
"88"	2.38686381729731e+32	-1.10023625770801e+32	-3.75038690336032e+32	3.29216301397367e+46	-1.0608217530503e+72	-1.67402313402034e+71	-11104908978449520	2224905105931.94	-180349559869057
"89"	6.47494531652327e+29	-1.46535518573266e+29	-2.33281799123536e+29	-1.15259725658055e+47	-4.57126502158632e+72	7.29340030754933e+72	295669142609631552	134164768898.235	40623849490910.5
"90"	4.78036816747852e+28	3.4242078037901e+28	-7.1011619348933e+27	5.14874083033083e+47	-7.59552984319489e+71	9.76347068711005e+70	48016750531265616	217002551703.13	33168853857216.4
"91"	-12.5197026156346	7.49391363094473	9.72373072369688	1.17646408779145e+22	-3.94017431862417e+35	-1.15080135583237e+67	130244261024134560	5644635073.50749	-16633399077150.6
"92"	1.94658922634287e+28	5.77749429393257e+28	4.86286224386333e+29	4.52812782193896e+47	4.27201130888752e+72	6.33899364189672e+72	167950742774304384	811207821508.808	73145616533874.8
"93"	0.688163315397559	3.73372540166753	-0.872219969361398	4.32011789794965e+21	-1.20484994763141e+60	1.02868338003199e+64	441143655246591936	-23068307351.3151	-10046043953808.6
"94"	1.77923100852189e+30	-1.25800179990468e+30	-6.17881848630249e+29	4.10293698133483e+47	-4.66081894386748e+69	1.97775441439593e+70	80669595665099280	905064574086.062	76150243697749.9
"95"	1.0882936925989e+30	-1.1970940554862e+30	-6.64163685343879e+29	-3.15668609177812e+48	3.42308010610745e+71	-7.49505331372021e+69	233639330060169824	598370861591.651	71707938176400.1
"96"	1.4416632582427e+33	-3.946758157009e+32	-8.75742948009595e+31	3.52352280823792e+48	-2.65462849066965e+72	-5.4186857680183e+71	98834682685976832	1406987817789.49	-164163038209835
"97"	5.36471199646839e+29	1.03985173037359e+29	-5.64333560131383e+29	4.52680671490381e+47	-9.1281669688718e+72	1.94448202937279e+72	103840251993523904	659169025637.258	56848633631227.4
"98"	-1.5796587560608e+31	4.59875428975938e+30	-1.37603785651739e+31	-3.75426633458621e+45	-5.1577064952385e+72	3.55590478122355e+72	108453129655904704	2403052268467.42	-341041350570856
"99"	4.21558949101807e+32	-2.22073136722199e+32	3.89187712122188e+32	4.97256685644986e+43	-1.31267186062049e+70	3.67353205829055e+70	81751078530516240	4549115162440.11	-299586468753129
"100"	-14.1985653378775	9.84017258330411	18.2836451270486	9.5761634991547e+22	-4.37286714250381e+32	-5.43030792813402e+40	161526189290859136	12179168292.9689	-6566228441858.83
"101"	1.09070023879268e+29	-5.33508178875603e+28	1.61060356574598e+29	2.78315550723395e+47	5.63770495792292e+71	1.25195563293915e+72	100115948904929264	257895751836.791	35484389729133.1
"102"	-6.97454502219586	3.32478051973557	0.752840570396884	9.58082466866354e+21	-6.69272384645759e+60	1.59795777705051e+64	245290661769058560	-66251627981.1922	-18190217558420.8
"103"	3.30486859229573e+30	-4.79112730938656e+29	-3.55709569262545e+30	6.37044823228109e+48	5.8069209695107e+71	-1.97981659521523e+71	85293123395546848	299570515961.902	93884678204668.9
"104"	6.76990944624003e+31	-1.76232680619169e+31	5.5222119790583e+30	4.33177789351261e+45	-2.37109066882006e+71	-2.22271198067848e+71	-28112671151423736	2680148594922.41	-191658290714085
"105"	-3.72116467335686	0.59401274430266	-5.85384911869933	9.2323127167489e+20	1.13183039363957e+59	-1.40743405697833e+62	399663044995849152	-35319496687.579	-12199644949616
"106"	6.3052808957898e+28	1.68070402783551e+28	-1.81149476982607e+28	-3.54995737589975e+46	-3.81023819590224e+69	-4.63003585257867e+69	53062266907594496	160101134839.986	26957158418525.4
"107"	9.91983774996033e+31	-4.9073622425749e+31	-2.02851247617434e+31	-1.51016109391256e+48	-7.42830626104012e+72	-4.38564508629729e+73	-3193167444918242	2740419652899.45	-226065650362985
"108"	1.56102646431122e+28	7.01257996436053e+27	-4.77025061847225e+28	2.97520139792835e+47	-1.43669120197008e+70	-2.79703961482051e+70	70960229839877952	91017089248.9884	29165255395304.1
"109"	6.21644587437233e+27	4.80072463837452e+27	8.29787372024149e+28	4.32473916474197e+43	4.13218682116592e+70	1.82760794953085e+69	21224348367905812	60378039887.2382	23404798372956.8
"110"	1.22432362547314e+32	-1.09612162406686e+32	1.08139791609e+31	-1.25998819394366e+47	2.49424214063956e+72	-9.08736996197524e+72	111545190198011344	6784860686357.16	-545358245435500
"111"	5.20041186683608e+32	1.15653331434434e+31	3.89822731609449e+31	1.89311280597495e+47	-5.58571133914187e+72	4.65752403687132e+72	15117496323947344	2696384605939.02	-214217148844631
"112"	-11.6944543695697	5.44226049675547	4.94453360595595	-2.19454831686977e+21	7.63712340413588e+60	-3.48393025580793e+62	869640099486325504	-827185851.707454	-3735481783960.45
"113"	4.96868065693068e+31	-7.67106283796202e+30	3.50185176872921e+31	-5.22783415250734e+46	1.9402102913254e+72	-1.29072729429725e+71	25777125213039696	2547412955222.2	-268294267731020
"114"	1.63661420735651e+33	-3.0348590124501e+32	1.98942151457404e+32	-3.81725769626845e+45	3.17840971721484e+71	-1.91624156722735e+72	131573250669592384	11832892157588.9	-523374479419458
"115"	5.75574817988928e+29	2.21927467524623e+29	-4.98202235789929e+29	1.4633937612076e+45	3.49095707993678e+69	1.06088066533798e+70	152145555632951296	883508453890.114	63309106029395.4
"116"	4.7294540970077e+31	-3.83735380405124e+31	-1.36483184274708e+31	3.08246895217472e+49	2.33265228786788e+73	-1.09502244480131e+72	104256692764934000	8199503301742.38	235252612974723
"117"	-8.85139474450883	4.30296263292807	11.7174167267859	3.07361592634127e+22	8.74069514736194e+61	-9.75403174824873e+63	34645973627586840	20674212517.5746	-3040644227350.85
"118"	-0.683773925763862	-1.96877943222314	3.92668020395551	5.3059095277062e+21	-3.90491171038829e+62	-1.58549122784936e+64	-1997124959881104896	-5160065690.89264	-3637847129315.23
"119"	-4.3273721685381	2.9136598079081	1.48805276251999	-3.60371800908724e+21	1.99704571947643e+57	4.57570867382471e+65	710325601681887488	-25525707417.9366	-9679732835374.65
"120"	-2.47802451877124e+32	-2.38070555904907e+32	-1.50335585225572e+33	-3.69499166528564e+46	1.40876120436081e+72	-1.4319929307383e+73	-7364921099938876	10116656933361.7	-36125309412039848
"121"	1.16992649860117e+29	-3.6033749078934e+28	-1.53957108198926e+29	-5.5600185980452e+46	6.36985227037902e+71	-2.8250526037761e+71	237387275875757216	73938482191.0497	29318520604018.6
"122"	1.39180112235017e+31	1.74800086834437e+31	-1.80846451419118e+31	-7.31290223458062e+48	6.21442346753369e+71	-8.29610892032698e+71	100815266589798496	4902743014718.02	154514118181754
"123"	6.89607112857662e+27	4.09927679673336e+27	4.8610905851795e+27	-3.5943887248598e+47	2.73908549955007e+72	2.52574564598422e+71	24126500162731644	103392368657.392	19816998172881.5
"124"	5.93289826943868e+30	-3.52102844208278e+30	-3.35893453227843e+30	-4.91358385477417e+47	-6.38356168097314e+70	7.97081989570995e+71	279205098534094208	446450574496.302	126923287564701
"125"	-6.14419558969192e+31	8.12283284914794e+31	-5.65195124421251e+31	-2.870243409542e+46	-1.69337083422962e+75	-5.65570451158658e+74	83168454940778272	10159388627771	-799749599518974
"126"	3.13042507099814e+32	-5.6372432777493e+31	-1.38190844898815e+32	3.04533419386662e+46	5.475573636137e+70	-1.12972191508394e+71	107663003441731168	2303889623988.56	-266523874112093
"127"	-10.438803815097	1.40268093751945	5.44759709536212	1.3048521001505e+21	5.67735546532025e+35	1.27450257192573e+42	143359418284991008	-11491241400.9125	-8761533501441.24
"128"	3.27229224490396e+31	-2.93613897480442e+31	-5.65250476810293e+30	1.9995280292492e+45	3.18736216444642e+71	1.21185953358767e+73	214077638838272832	-243257893399.951	-208013073800770
"129"	-9.37381583446719e+27	1.13910723448199e+27	2.65540704795488e+28	1.79417220781172e+45	1.81971043984276e+71	1.86901756888162e+71	82589517042360944	60385326701.1318	20561800791552.3
"130"	1.51631726380456e+28	-3.40228949872526e+27	-8.62382544921694e+27	1.4843964051499e+46	8.66447240507157e+69	4.74551086875458e+70	258779466130287488	121256853374.273	18830064670266.1
"131"	3.56061605326268e+34	-1.56562008652384e+34	-3.29735931372609e+34	-4.95754391527644e+43	-1.03731438248545e+71	-1.10396304706345e+72	111971045748092512	1828249245381.94	-200644591855595
"132"	-14.7756538283806	6.12015355019719	4.4831026449569	2.75700126844216e+22	-1.5622455197948e+59	7.60183851309455e+62	141733995471321152	-2666754047.28707	-9295380832196.87
"133"	8.19178531247252e+31	-3.28753880477896e+31	-4.75872136048799e+31	-8.56851612670008e+45	6.49534699227918e+71	-7.04555959488869e+71	59258805406010624	410704475554.962	-205930699579037
"134"	7.88034041083669e+32	-4.2952956267433e+32	-1.21317600673392e+33	-2.45155629245884e+47	-2.47141699343545e+71	-4.78393812339982e+71	-18133549730094216	5165580803829.83	-31584943805780.8
"135"	-5.22550382279804	3.67271271895524	-2.13026121758523	-4.64088452963983e+20	4.41118168515913e+59	7.71822089322078e+62	329989848383371136	-8967425390.4281	-9189386936021.26
"136"	1.84449402121435e+32	-1.27362855649786e+32	-1.00488283025659e+32	-5.59363181921875e+46	4.35100108477092e+73	2.8110797045812e+72	146854478210285664	5943761128005.72	1634087931231016
"137"	4.24251678842059e+30	-1.43217556418843e+30	-1.2082358969643e+30	-5.56166140088431e+47	-1.05822579010548e+73	-2.88200022821593e+72	295127726112684928	1015417197903.4	87411988334153.9
"138"	7.44172089032928e+29	-4.50057629095949e+29	-3.32265630469321e+29	-1.45125218735599e+47	-9.05286688749075e+69	-8.32233811172424e+69	207692681638659136	405597084864.954	54006135034719.7
"139"	1.55922139102709e+33	-7.20966897753005e+32	-3.31438560036848e+32	-9.36383527411751e+44	-1.64010787980684e+70	-3.09931199636621e+69	98453928547305408	1951276371029.35	-206994737521471
"140"	-12.8072938522814	2.64766437246894	6.99348040078833	-6.24952779301568e+20	2.07583053207575e+60	6.28252235045393e+62	282802966898860000	-708315137.644225	-5402010788319.02
"141"	-10.1453867083313	1.39020218394042	8.09870408018404	5.25032497253225e+20	2.546769461012e+59	1.86792319938677e+40	258991375944707648	-50551125738.5449	-18194762032095.7
"142"	2.82321266263287e+30	-2.99723939298441e+30	-2.51360029874194e+30	4.07936817041887e+44	-2.22144536815505e+71	1.81684266062661e+71	151747930645726592	1105771301796.15	97105323937989.2
"143"	-3.04710545506742e+32	5.74652951878085e+32	6.04742265547553e+32	4.40163830843017e+45	3.93918209479654e+73	1.38126854335978e+73	142100462023083920	19457926591986.2	-783081626393294
"144"	2.89142562359088e+31	9.20787449653227e+31	-2.34277741247885e+32	5.0531566616582e+46	7.24352222646964e+70	2.21534111082488e+71	6065455130733879	6309704616993.06	-461362725409212
"145"	9.25589368237315e+31	2.5221032001721e+31	4.96102636497955e+31	-1.15357784610087e+44	1.34232325060418e+71	1.52748326154178e+71	-1906388770078192	2320931044120.27	-206340225394468
"146"	-9.17263060685331	-3.88448673352165	7.11361748551332	4.10056102147621e+20	3.16608398346703e+36	1.34265485741398e+42	310418872578257024	-17684300323.7689	-9375903965262.42
"147"	3.07432498788146e+31	-3.50868416624812e+31	4.17075027109507e+30	5.18706154990236e+44	1.19794712707788e+73	-9.27567923820818e+75	213693801203240928	124421290841.944	-105060102551487
"148"	2.5246120609316e+32	-2.21371447253589e+32	-1.90183720650521e+32	2.77442694994038e+45	-7.62859178794883e+72	-6.69029785552062e+72	145752226209444384	901499092463.691	-176593976888075
"149"	1.40295214042236e+32	1.01125177614754e+32	-3.02129411340302e+32	-2.89448635739373e+47	1.32762358290686e+73	6.13984678179983e+76	-8724656948657018	7468081480689.89	-915888801335836
"150"	-13.1032145380307	4.25388511429472	0.685518014568167	-3.03089963508829e+21	1.50762063949592e+57	1.95163666960153e+41	178282454424316032	-12342559489.5792	-13710233471234
"151"	-5.49194161952061	-0.828828038406325	-2.47308794396552	2.43557390746491e+21	5.21164929365803e+36	-4.9245311466963e+61	241390671685668576	95516868183.1921	-16725494322275.2
"152"	6.72160907939493e+29	7.61238277564135e+27	6.88132840788083e+28	1.35286752404086e+43	-5.27429170717322e+71	8.57185481590478e+70	160222552127888160	1523160758900.48	76613452545348.5
"153"	2.53069294021935e+29	-1.99700834511103e+29	-5.17189548773836e+29	2.68995378531339e+44	-8.70047595403271e+70	-1.19040986638899e+71	214707986785017152	883563588088.407	69553771764448.4
"154"	3.01669851971952e+30	-7.44042160651172e+31	-8.03930810135969e+31	-6.36373452712499e+46	-4.72660996167639e+72	-8.58713752050743e+73	95097245874764704	-171816731600.854	-56960328388537.1
"155"	-4.51373723709677	-1.35986553673272	-4.9013526148488	-2.91159053843795e+21	-3.49580875017906e+56	1.17352872580064e+63	310941133483961984	-49726259343.6941	-12875953440345.6
"156"	8.84231192805824e+28	-2.15842045490928e+28	7.23700699695218e+27	7.08732717202279e+44	-1.48929989976831e+72	-4.11324679482975e+73	220901141032586912	59081994641.2875	21945401726668.4
"157"	3.4572511844834e+28	9.12142046843819e+27	5.62715779106093e+27	-5.34996909092821e+46	-6.26287001197442e+69	-2.42314186156955e+71	104867517124978448	172816542319.921	28640214144991.2
"158"	2.9269440897042e+29	-8.82299371476991e+30	-7.29169249029204e+30	1.20610887091942e+48	-8.511177410701e+71	-6.8294639929554e+72	250514820179630336	1128264348239.66	137897899649639
"159"	-2.86091982660785	8.70334540747374	2.97299259872552	2.81218411337653e+21	1.06351396546187e+35	-8.65073777585531e+63	154895392889087232	36022038431.5217	-21870366541027.4
"160"	9.33792815066306e+29	-8.03453662494815e+29	2.96925716806535e+30	-2.1226039742949e+44	-1.08480877368232e+73	9.30105788204905e+70	171898781476867264	549587300461.965	71430754669107.2
"161"	1.26107216164425e+32	2.08102267579268e+31	-1.6772900484128e+32	-3.3112500925038e+43	-2.95200067238037e+72	2.01872298684932e+73	8698369293448701	2452031765202.84	-202883141261242
"162"	7.95782870231222e+28	-6.6734256026606e+28	1.7874543091108e+29	6.13669621726726e+46	7.27608719087644e+71	-8.86505641478795e+70	253285677865963456	317883885086.354	38104203174614.4
"163"	4.90037052131099e+29	3.14427601570465e+28	3.0787065131957e+29	-9.09185077778184e+45	3.18263452394798e+72	8.02237213578859e+70	48421930068333456	696336075962.934	53827658360532.9
"164"	-5.08590033807204	3.69172379662477	9.29208534186582	-5.04181810087332e+21	3.89355369465336e+61	-1.24158554341539e+64	426140941328201792	-18833689408.6476	-15449774093559.5
"165"	-2.41632810961877e+32	1.32553414241906e+32	4.55942112548637e+32	1.01985739400469e+49	-2.62014555484992e+72	-3.70221622941279e+71	19873893346858108	24987710522283.3	372989724652096
"166"	6.66440706921675e+28	3.45970283636728e+28	-1.01190189978008e+29	-3.03672587269948e+46	-1.72384549519981e+71	-1.04977861551241e+71	153589131334543200	128829876728.848	28511346050518.5
"167"	-8.20542759684771e+29	1.09365328663002e+30	-1.06019389929215e+30	-1.73016801117948e+72	-3.56167060348265e+70	1.00189527195323e+71	66386985427165328	1939631897821.15	94955045275126.8
"168"	-3.74348232345623	-0.50816183075137	1.98111030646234	4.73226900513836e+20	-2.04427572884104e+57	1.86325438723357e+62	429208147073636928	-13454245833.7273	-8643680220120.35
"169"	2.4542021401995e+29	-7.29548937176559e+28	-2.25410606407808e+27	7.67208338974866e+45	-6.48403481596086e+71	1.29605000412783e+73	165099548454728896	213191134618.25	35990916610364.7
"170"	-5.42942215664014	0.133879565525431	-6.67549235146408	-1.54922743709278e+20	-1.06156683091119e+61	-1.2623945355428e+64	250507512929204064	-27148781012.1766	-14750009096654.3
"171"	-6.06759787684998e+28	3.69415992079233e+28	2.01297568637748e+29	-2.97173671505216e+45	-6.30109541974064e+71	7.44170393339665e+71	159068493355286112	308289708299.719	39874656525307.9
"172"	1.1795303175236e+31	-5.19853654176416e+30	-1.61797396260662e+30	1.89330537446443e+45	3.71600822162559e+71	-2.35802641761964e+73	146413287445088320	1620761652723.51	110981302096775
"173"	2.44069480540999e+31	-5.33070666004965e+29	-1.75975336594621e+31	-3.42619895642352e+48	-3.84533837214544e+71	1.13925759173902e+70	37142677589722984	2210980448990.26	133276683869892
"174"	5.48234430739516e+28	-1.64645892209178e+28	-5.8330621930994e+28	4.4052652664703e+42	-3.0801511164358e+70	-3.85079780917783e+70	321747135039241792	179198376053.843	29684831434806
"175"	7.037490941212	2.68808551524991	-2.09254168161566	-1.02919469958033e+21	2.1263694452049e+61	2.6002371837786e+41	-434950890193260736	-2552710843.80692	-3561531762458.87
"176"	7.96488689132554e+27	9.34041904928235e+27	-1.30119035908595e+28	3.06606911773901e+45	7.89412206639606e+72	4.99046258483746e+73	129884318626017536	140201429071.032	26310601788390.3
"177"	2.66266890001822	3.62522360622725	-0.344983381229363	-3.5050907432875e+21	5.68198951954393e+59	1.91372136378534e+65	296457700917752000	-26949560509.3486	-12978358308226.5
"178"	2.35874407762177e+32	-2.12183115312478e+32	-1.0499435196799e+30	1.56638317329026e+46	-1.25206947531043e+71	8.28078471435935e+70	191565704447495840	26763237091475.3	2597282925762502
"179"	-21.1735278643988	4.86751812841957	2.80328108435676	-3.83618127339668e+21	-1.69475582559533e+60	3.62826011982951e+63	161442541590126944	8965779596.93849	-8042958333487.76
"180"	5.13233252331071e+30	-5.88004620760975e+30	-4.94732237805059e+30	-2.70474433317815e+48	8.98123603506621e+71	1.58514618605506e+73	117974645233610960	290421624242.562	127375959705388
"181"	-4.36724726037533	3.5935701481249	-0.573954048308582	-2.24770230662156e+22	9.66543254455393e+61	2.87437141953139e+64	264593785099765856	-53530368144.4753	-11273282719125.4
"182"	2.95630464085677e+31	4.79633165543262e+31	1.99591125427099e+31	2.47792634723709e+48	5.77872427873483e+71	-5.32501524875468e+73	35808182867206048	36692160975192.8	371595508922411
"183"	1.24282756683192e+32	-6.95634340856258e+31	4.02555518241261e+31	1.15530589502588e+46	-8.38388562667821e+71	-1.14195123658005e+71	192032742829370464	4424922336668.89	-410112298613178
"184"	3.72516378959994e+32	8.76120318891362e+31	-2.5516648513353e+32	-2.47243565561835e+46	1.37860854206235e+73	2.3779611461515e+72	89751493945401872	47025490558689.8	603551300459303
"185"	1.30001778040715e+28	-6.20346775807686e+27	-3.86568867483217e+28	-1.19644862232125e+46	-3.80184733122842e+70	-2.14696163131336e+70	35306634725797168	136720559125.481	32568512787203.7
"186"	-15.1698447310603	5.72633781401475	0.798896297295008	1.63760228133908e+23	-5.65866195902113e+32	-1.10573147021973e+41	43439370968879611904	-2702528186.38686	-2441081809412.32
"187"	-9.04241169334126	3.01638766749967	1.40492644213611	4.13771445240214e+21	-3.28465390315254e+35	1.27918627393604e+64	97094595305618080	-34383543241.9984	-16137854916421.6
"188"	-15.6899249440801	3.72222516724707	-1.60612511381423	1.94899754193929e+22	-2.27417048433351e+61	2.08876762009513e+64	276628704193169568	5190374787.71783	-4463320926768.96
"189"	7.88250582902506e+30	-3.37877819696528e+30	-6.0006504345889e+30	7.22749481447597e+48	1.97350968951028e+70	-4.81381617170721e+70	132436162716009712	-92674861595.4726	74789140906880.8
"190"	1.76601288608181e+30	-7.54732943952452e+29	9.01734881359188e+29	-7.54595980288564e+45	-2.05222406151742e+72	5.31168389160887e+73	177615411553993600	1259762660071.92	76162043321662.6
"191"	1.5066989109596e+29	-1.68400793081535e+29	-6.42852309880336e+29	2.55008177168337e+47	-3.60964566003291e+71	-2.48300700073083e+73	241000651205548896	425839363056.527	59577386046280.5
"192"	-10.3253737930752	6.61157129770504	5.61268755693686	-1.18615485960706e+21	6.73715972616524e+35	3.51554109599724e+41	605840725997179392	-5875655944.80118	-6079973848456.51
"193"	-11.3464134827029	0.129648473905241	4.86199376058601	-1.73591616674735e+21	-8.68416947705084e+35	-2.36325730499593e+42	80784200734973536	99581484147.4964	-12151375749141.7
"194"	2.45013976372249e+31	-7.90581972513272e+30	1.76007486733286e+31	1.6295354783931e+48	-6.46684301021467e+71	-6.40087109602856e+71	181826405331233376	1773587195790.19	140636288177638
"195"	1.24691216702426e+28	-4.24575158405381e+28	3.42659429044462e+28	1.14608619626894e+47	2.81476897593251e+70	-4.8197375633392e+72	198908183117946752	115479145425.774	31217653458966
"196"	-2.42072027901542e+31	-1.38374473428601e+31	-7.10569828906634e+31	3.49766493586808e+46	-3.76014452099917e+71	-7.50601377613904e+71	27401522015936184	345942120308.604	-74047201165034.5
"197"	0.708458623431367	9.66521088684507	4.75066316112072	2.46068271995602e+22	-5.02393799900075e+62	7.50804334160695e+65	232456253386242208	1149322412.30609	-2955011992673.05
"198"	7.60227686219571e+32	6.13277047672627e+31	-2.60457564988589e+32	8.27539154364557e+48	3.71572458123126e+72	1.95198455634526e+71	43767352852881760	76286963634077.8	6572292659208742
"199"	1.26530555868833	1.83284675248837	-2.60055682682963	4.71842577342217e+21	-8.5804452209302e+59	1.08903446056549e+62	-1.4411239929252e+20	1520052804.36405	-3972660977349.87
"200"	6.12307052149193e+30	-1.46234072560488e+31	-1.24488434056741e+31	-2.24352660576175e+47	2.78460572319879e+73	8.61788042283378e+71	129161688887057984	-67156631286.671	-46676214412019.6
"201"	9.0284506838686e+31	-1.026973016104e+31	-7.7646787031039e+31	-1.22263343481006e+49	1.15824733576776e+72	2.2495074101387e+72	95908128000236576	9689250668752	439955893240310
"202"	2.14086737941082e+31	-8.62630627421888e+30	2.02246667963586e+32	-5.36458771657923e+47	-2.26350763898567e+72	1.65732913613333e+72	-5577226048961477	4719299854773.03	-362164161464663
"203"	-16.1462528593659	5.78120276072107	-3.41704439232486	7.98998167516563e+21	-5.65480599672709e+33	1.07929166236727e+63	1489079614388116992	-533932504.115623	-3104604297795.98
"204"	-14.9956294844972	3.09441334093738	-10.8230953710121	-5.71977449335566e+21	1.48180393070708e+60	1.7537044687673e+39	194161134259664608	12962735365.89	-14074530093847.5
"205"	1.01674559244182e+32	1.5574876850818e+31	9.48194235317883e+31	-4.24444541413085e+48	-4.30466998129654e+71	-8.36041725947122e+70	75751544954284016	15435084331074.2	272255390306192
"206"	5.19795147374276e+28	-1.32445038041291e+28	-5.61372136558677e+28	5.33240563526995e+46	6.1013114222224e+70	-3.32240888218434e+70	245267255005636192	97966022313.2993	25236143314383.2
"207"	1.8672044887476e+32	2.64191557113781e+32	-2.04293427262903e+32	8.9277540987126e+49	-1.2975921472871e+72	-1.04435599744352e+72	72758712976310624	93790188539059.1	549749269896622
"208"	4.56446014360527e+28	-9.61724239984745e+27	1.7308726832345e+28	-6.30816938420986e+46	2.91944426377943e+70	9.34460655892368e+70	282871006403901888	160787947430.26	26445630425113.7
"209"	6.09312427954398e+31	-2.18179831429739e+32	-1.26607250560018e+32	6.31090989955283e+43	1.01070949989871e+69	-3.61137740712363e+69	253706428202424896	39286902925.8328	-77055945138175.4
"210"	-7.13145106678901	1.49207630047746	10.0819072295197	-3.19454222761756e+20	2.9656373416121e+59	-2.11117306316816e+41	215201966174211872	-4285607522.73503	-9966491107002.49
"211"	2.49567998650905e+32	-4.97874509870221e+31	1.75238573098805e+31	1.66109480982578e+47	3.01172440253249e+70	1.87338541739406e+70	-11262058024052274	2099387870163.36	-153838446537944
"212"	-5.99440856311618e+28	-2.16380745005842e+28	-3.44097578052693e+27	-1.19074274700448e+44	-3.12621567017704e+73	-7.03062341933509e+72	33343921471158992	126256737351.184	31768983509561.1
"213"	6.07920436758138e+33	7.89410057810269e+34	1.35111266734547e+35	-2.83874669016253e+43	1.05480726393743e+69	2.09097443362041e+69	89994779018637920	2928234358166.87	-241597510195299
"214"	-5.24596998291669	0.973813434936056	-7.83754681441342	-1710476981923340544	2.84435574028043e+57	3.95446252560497e+62	495965983209610496	-27251680895.5123	-15609161759018.6
"215"	-12.1209432981951	2.95025203812798	1.44948876160616	4.10186435130309e+22	-1.83733330359031e+56	4.76289919423749e+63	327810768885593920	-17134823021.4565	-11037852413526.7
"216"	1.07015346793906e+32	5.3183394122884e+31	-7.8339227713893e+31	-6.70944320296301e+49	6.28783402888479e+71	-6.87552636728084e+70	9864090728796524	1958418540185.19	-203426270348595
"217"	2.82858717334385e+32	-3.52346751633611e+31	-2.33560813378862e+32	6.05606845409503e+48	-1.2271674386301e+72	-6.05082438812154e+70	147169406086425120	28922601333424	363560605659274
"218"	1.70170787857932e+30	-6.71701496103859e+29	-2.47948296367065e+29	2.01873263226061e+47	2.8980572662805e+69	-2.29987721652544e+71	51402020209893656	198703007141.448	47655853546249.2
"219"	-8.32036438664959	2.63131178233947	-0.145225252712218	-3.06559590352685e+20	-1.23500776402665e+35	4.38681826844643e+62	268693969029224256	6465979793.35433	-17240141044901.5
"220"	3.76438407210404e+29	-1.76466257691916e+29	-7.6314309361288e+28	-6.70722950853988e+45	3.47292992128182e+68	-5.70495849980531e+70	81634659719430624	215056975914.606	44409809355225.1
"221"	1.04823693444745e+32	-6.93633656364701e+31	2.32192420961192e+31	-4.19412330315379e+44	2.76801113860019e+72	-2.14531550156671e+73	-24303334319459128	3212438354653.69	-100236244869963
"222"	-6.45739197959006e+28	-2.25019971117471e+28	-3.42780256849109e+29	-2.29397976186038e+48	1.81106241238976e+71	2.58363050894071e+73	28642364617035652	218596800418.295	36144980253880.1
"223"	2.13364004738894e+29	-1.34373343623856e+29	-3.11420840745159e+29	1.93770438782419e+45	-4.16255090273485e+70	-2.08487546784336e+70	244142168985672448	173900947679.801	44616347796109.8
"224"	-8.8763675656822	0.291343596229469	-5.14837034311949	4.26197772581982e+21	-7.68325466746142e+58	-5.99081527417052e+64	-492508867163926208	-1428307481.6896	-2032478003943.8
"225"	3.39162529452809e+29	-4.72599633972108e+29	1.00614379056873e+30	4.12183384926261e+46	-2.51877161599119e+72	8.62064109572773e+72	133593298385990544	1307797261993	84741475349514
"226"	-7.75578435956694e+30	-1.00042472812099e+31	-4.795941176231e+30	-3.82719293483609e+47	7.54063441376459e+72	8.98539646331144e+72	-14315064847658598	4181462016332.93	-338023575206030
"227"	1.1761146510822e+34	4.94794238091465e+32	7.93729167008505e+32	-1.2256949711302e+44	1.57531662376653e+71	6.63951058127564e+70	37062785855719152	5126603973054.67	-294014230722482
"228"	2.07829680614505e+30	-1.17248565419108e+30	-5.34362722897833e+30	4.13076216502631e+46	-3.48959683560893e+70	1.09894480235878e+71	-45549636731103512	87582970949.9881	-17246646148106.2
"229"	-16.7533150541869	9.68171559460884	7.62257487565631	-9.3432321694715e+22	4.15837027973025e+59	8.70947772743705e+62	360001480730919360	-644547756.656355	-2760776136541.11
"230"	4.85949992048372e+30	4.10529437638708e+30	-3.22916797389178e+31	-1.79956531519504e+45	-1.53740512374501e+71	3.32817889008057e+71	22933430219888988	2001034845786.81	-227156568368529
"231"	-3.10825358347323e+33	-1.00990841564742e+33	-2.71937053843701e+32	3.16907055230235e+48	-1.08519221317746e+73	8.20268885810534e+71	-14054040273899628	16603513664597	6608346535612430
"232"	-1.38943072119715e+35	-6.69178564232914e+33	-7.06820308490658e+34	-9.21902871550315e+47	-2.28071249889283e+72	-8.41538815528144e+73	52039474577415336	2093479314838.04	-189198867085640
"233"	1.82149476235439e+29	-4.17583013869808e+28	-8.12165226780702e+27	-1.17383465992024e+44	1.06250841650178e+69	-2.41273423106296e+70	89059832267132240	163468780704.543	31745498527334.4
"234"	-18.7433273020461	0.90511036348835	-14.123136973011	5.59023754099325e+22	-2.66791567132631e+60	2.70818620491183e+40	-1638711919737334272	-462817985.133034	-1426124606742.79
"235"	8.72530208708499e+28	1.62268275964446e+28	-2.42953937067273e+29	-1.258869529348e+45	-2.31074527714312e+70	3.19505806741214e+71	107984906589055920	94397355943.2772	32362571450914.3
"236"	1.14290949571444e+30	-4.39159847139597e+29	-1.56636303153618e+30	1.74269270977843e+47	2.633721017999e+70	6.59774697284638e+71	170202598464648128	454441697002.328	62608634723508.6
"237"	4.5724406095069e+29	-2.74853666520072e+29	-1.52430424410478e+29	-3.40212051155755e+47	2.8529311716197e+73	3.13150636538313e+73	116797546954039824	374005442186.536	50712872507046.8
"238"	9.48932083011581e+31	-1.5130243637205e+32	-2.89928966875039e+31	1.13212105307447e+49	-1.06445792083684e+76	-1.42922086604303e+75	228951020925120160	1358540326194.8	-11599620015840512
"239"	3.1436553210254e+31	-5.50978640598435e+30	-8.94247853562642e+31	-2.01105052352817e+46	6.84965195143382e+69	-7.33418287802278e+70	-16079394770171404	1597002696364.12	-159772310102635
"240"	-12.3884222373719	-2.57697369347244	11.5660967738017	6.13705962674839e+20	8.85221815544797e+35	-1.14815775944104e+62	370358413181077120	-2382185759.38388	-5524318795416.38
"241"	-6.22766069571999	-1.80514810839913	-5.24948693530357	1.05281751731041e+22	-1.3248195645386e+60	-4.7267760224375e+62	238136284474365920	-3358433782.27952	-6554438153833.93
"242"	1.58517902920029e+31	-1.24802256051854e+31	-8.33934284926295e+31	-1.66209635875566e+46	-4.97407631983401e+73	2.23035202333133e+74	9259600336313712	359412557005.508	-70393956368697
"243"	2.33741595307954e+29	-1.58574188012391e+29	1.62727489348533e+29	3.38230680464533e+43	-1.11454944568827e+73	1.08093873052326e+72	150571482555281408	353598384913.578	48476391870464.5
"244"	5.64348760440446e+29	-7.14116946465003e+28	1.22683038422317e+30	6.53565724071211e+43	-1.31149185620554e+71	2.15418748122414e+71	84335521466516704	725256310721.331	69018208287637.9
"245"	1.98517359402203e+32	2.67767368502446e+31	-3.03543764944528e+32	-2.19225097300471e+48	1.5650040906577e+72	1.87718669167111e+71	85976541196438976	8072127862598.75	-853861315726580
"246"	1.67040416381022e+29	-6.39403012620596e+28	-1.45898870124021e+29	-1.43056635116967e+45	9.60513017924568e+71	8.50922112246533e+71	219448760802587168	151472482073.679	38949054013795.3
"247"	4.83966901216688e+29	-2.30714446788927e+29	-1.47808055644316e+29	-2.52068738006356e+47	-2.71054239472428e+71	-3.00940177778434e+72	195921509574509024	117242982391.673	48706687588292.4
"248"	1.7221091502163e+31	3.23652732335402e+32	-1.16799865356001e+33	1.18101998679149e+48	-1.05657982969029e+72	2.19344270320697e+71	31629473074968296	101673050058778	557682410255617
"249"	-9.25536350180439	2.58333601676451	-1.04095530432085	-8.37942402529218e+20	1.51226278126813e+61	1.21608608888883e+42	176527385925105056	-32284998373.3588	-13742636972106.3
"250"	7.44621657987479e+31	-9.70896646648618e+31	1.62545929678426e+32	-1.28614104531256e+49	5.94548623800204e+74	1.0432910534831e+74	196448679680207648	9216171253262.49	-1394394140390084
