"V1"	"V2"	"V3"	"V4"	"V5"	"V6"	"V7"	"V8"	"V9"	"V10"	"V11"	"V12"	"V13"	"V14"	"V15"	"V16"	"V17"	"V18"
"1"	-6.26665042268144e+20	3695543725902123008	1.51039271589483	-4.92001774415257	5.19920452699374	-4.56514061019611	1.21904375554034e+21	-1.14011299202062e+24	741430479559214	115767346782776	1443792217070.66	-1405946120236.7	20610898418318.8	2088385127053.16	1081121810.96592	70376074779108	66234282790.7299	6347932080.33365
"2"	0.183640334018614	-0.106663786970163	-4.81973963767419	-6.06121427813698	0.849606886028982	-1.12084006403423	-6.58202242953212e+20	1.94761642872998e+21	1004237594759450	48219927029595.5	650167378179.955	-759178479675.588	16825944516870.1	1299675000371.48	1506484461.98704	48770980399091.5	75695354857.989	5360698490.93202
"3"	-0.576388614172089	0.348885312800548	-0.555061809902778	-2.22475149160037	3.27007419845799	-0.648082738427133	-2.5933170758335e+20	4.35727370160321e+22	351242410115241	82860799503187.1	833917204423.775	-4032986599280.11	8997118820211.48	1680134865734.29	1758516179.1443	58346474188909.6	23528916184.1436	26501982245.9016
"4"	-0.0324126821580533	0.779828589439928	0.664309125129592	-0.524433003017122	-4.57922523518903	1.06971888257228	-2.73072388501228e+20	-7.15753678326034e+21	145416702814732	13753356887559.2	1665468289655.74	-2651074254676.46	4618642740995.88	2175768204901.28	694075782.973373	335451006293268	-4037364087.51446	76738484490.1344
"5"	-1.27571966790858	2.03588104508705	5.36918140700853	-6.84999724551818	5.82169935818089	-15.8619392452597	-6.78651373048613e+20	1.39385591666912e+22	924410985973165	32266164195498.1	869376802245.234	-61116547199.9205	21486286926142.5	1039302964350.1	875881685.682199	29887860558264.3	168625546574.47	190957825118.111
"6"	0.195162711660087	0.00467139685367845	-8.23689658081223	-4.25300898287005	28.9964668071792	-40.2353334590847	-6.40952837074096e+21	2.50300313661115e+23	345471210864166	43300146813444.4	11978188834714.7	346584316584.42	11102227343478.3	-42419942364.269	1648620200.06675	96004123346661.7	385034363069.424	343698191478.476
"7"	0.559749358185702	-0.479183021441275	7.52237243038072	-12.0427904047534	0.562294741821499	7.32181120173747	2.4339753553554e+21	-1.07512096382014e+22	797777857103156	28990110389347.4	1917759614583.15	-1353107242455.69	16332086070839.8	6069234062953.65	132846927.910047	337539641724215	66550126770.623	28064387120.0667
"8"	0.40796196488901	-1.62139086171068	-3.60011739209993	-5.54077634292965	11.0543720768151	-7.34835928022926	-18836281055640739840	5.72623237216574e+22	685026292965557	-10208120302538.8	3839507057065.25	2473141520822.14	12563648957362.9	1384770056210.18	642057863.421117	111478677269627	254754314753.835	43682534958.7567
"9"	1.22580075744798	-0.926612359965349	-1.85721016923685	-2.83698263033736	0.517656192298416	-0.017611521263117	3.84682735989682e+20	-4.50476656301408e+21	579222286808409	42891797104950.3	75474946931.2407	-3210351182690.8	17616521897471.5	-77798403198.5949	1395870987.46737	-15425105996816.7	110853900159.381	6737565347.1739
"10"	-0.251624497601343	1.00837892775282	-0.907977942486728	-2.39753564885355	2.11867251397244	0.960700760903803	2.02544107864391e+22	-1.22834730590121e+21	198870848996614	7558293257770.97	643793944569.331	-1177669998793.93	7210345223037.57	2190848410592.5	910790686.148938	40346606762903.7	48779761461.4982	34532719310.3602
"11"	-6.55509982635352e+21	10131802236218935296	0.710505060092364	-7.47827792614876	6.10785293270794	-5.59107000832568	6.97964777382539e+20	-2.28138858826114e+23	788306671503403	92117060044932.7	3160611704278.64	-1402509374477.06	14586694017492	809306519899.07	1346499839.22683	87018381455540.1	50107551948.7625	2421873490.68011
"12"	1.24448779568321	1.44562884390848	6.35635955052399	-4.13642481182522	9.08166391575375	-3.0703982899597	-6.39626398886274e+21	7.77115497860307e+22	1096356539416169	118854773987631	237625339292.831	-12092437547747.5	32415875628141.1	2041876821026.96	1177694241.16062	7203976365625.99	151192197883.498	40477081120.3852
"13"	-4.57370087928129e+21	6121468622540481536	2.99734939414481	-29.2414033043642	-1.64142993145472e+20	3.0843132205028e+22	9.5329905880061e+22	-1.0011466957984e+24	597548244320607	51165183413012.1	1906828106955.64	1285974934914.49	2911608894580.12	1332025633274.07	-227399228.625044	111552190174716	982627325919.638	86134209218.1572
"14"	-37932302036501544960	-2337204026896605696	2.98927883661755	-5.15690445720846	2.02533585157047	-15.4891800743392	2.03572451542047e+21	-2.47074458535784e+24	251350412944790	61989936163406.7	2695073899592.93	-1281241570181.72	9893211281753.35	750650297142.339	-108018708.238048	121370641056228	57389974891.6762	9379117099.08618
"15"	-0.14491644571389	-0.0923439425452583	0.572617509741737	-1.05032443857858	-0.865104237372499	-1.43447721918718	23327786595569192960	8.37029956820133e+21	432642750530133	22639429732038.4	2354140189761.89	-422247817776.605	11426420253896.8	2641951007379.53	506543518.369311	454477221642214	14320106204.3879	1605927070.74938
"16"	0.0111426788791095	-0.0730546969248817	3.45472255235471	-12.4394171529993	-7.45230901937873	3.7960448793686	1.1663119752269e+21	-1.1257706562931e+22	502740303405330	101893036604039	522062544634.734	604592087135.858	9952909909174.82	-2385647217.71605	390199568.63931	100507321063721	11915488298.6859	-28352849761.3515
"17"	-0.711633270126353	-1.09599119999867	-5.56623663138023	-14.2873693247661	0.945039063361399	-6.5330134142427	6.10375190676204e+21	-2.99143645549791e+22	225584252104485	19391442313859.6	1176963598180.83	-1769963007502.01	8587286220885.23	1129910494038.62	478251919.746586	64063264937279	108224551092.802	23388764600.4539
"18"	-2.16696494852308	1.99748276198239	-0.761613629315158	-0.606100002091275	0.642239675994355	4.96000892328507	5.96220036266331e+20	4.36502726293541e+22	1002869087596820	2766890343000.85	182639686805.958	-9319959075040.04	14408108193175.2	1792703652019.06	1580657695.91654	29711557264436.8	120821685579.896	40298930709.9354
"19"	-3.53489564099473e+20	-6886187841529025536	-1.30452927466063	-1.26858267920642	27.1297261505527	-58.9622118640932	1.67717167313211e+22	-2.44586718066349e+24	272709021270018	26286771626981.5	4339020337364.09	-93101455722463.8	5845854715435.33	800943420653.38	758243962.774394	55701988610785.5	62184303649.9027	104462433243.23
"20"	-0.0315572632684266	-0.729312709496438	-4.11757119962994	-12.7495983448608	0.910207200070903	-3.5117323205835	4.19345210305678e+21	-4.45484049060473e+21	492485015486177	58724962391053.3	2347927370203.92	-26876996976.3489	8954304010713.46	1258407049039.22	726275610.168329	125245211999908	46624173107.7257	1770114325.65605
"21"	-0.0366818098304693	-0.62098450458648	-1.67122904401455	-9.6723216090372	-3006938593825806336	-2.03762131843921e+21	6.34971499370669e+20	-3.24281821958648e+21	362714749182875	11625758395262.6	1381056309238.33	4225179142427.1	11597840638811.3	1428695205081.84	837703220.213238	42864680228012.9	467878481684.038	25134925466.8984
"22"	1177276501644131840	-17698637998168356	0.207734063851524	-0.822724894290351	2399974730038340096	-6851201153795320832	-1.23722794498438e+22	-1.30581002340162e+24	220820258351299	29176312470564.8	2062755234621.89	8151148390926.18	4887677103563.86	735614533714.454	679176455.401429	158642071473864	61119268904.9612	160061031036.19
"23"	-1.88124081381539	1.38256061379313	1.53720224568132	-3.95481541026018	-0.651577562556765	0.0941411045505385	1.06746637859772e+21	1.55472392970927e+22	1047110930743391	25158085384899.2	1256760065487.36	-86108048591.0573	21038656471901.3	1804621271870.01	772472630.839567	11033286848420.1	15448897715.9966	-9798581462.74647
"24"	0.391807923456193	-1.59159708672127	2.59658825859715	-5.64381567987515	-1.87903176936021	-30.5573146632943	-1.11447439451731e+21	-1.05246427278667e+22	1175471150520604	95410419507048.6	655807806337.124	-42244912646331.5	30385870404334.2	1390191717326.4	1440558721.54108	72562066718723.4	97536823003.4965	51701784264.9049
"25"	1.66473978747243	3.22406064132735	-0.22451620775828	-10.9375856553897	-0.00687123216525716	5.49167602928083	-2.46934111548474e+20	2.63095471778796e+21	1431344115148714	46266060767368.6	1590591103756.18	-549758436634.158	35201605395108.1	2813432942290.51	1822797800.73929	284028372333538	71722746738.3981	-6563870532.06639
"26"	1.66974854696813	-3.46599522375939	-1.01791637134291	-2.71828527404524	-8.322332263311	7.00136338658346	1.14397428025145e+20	1.36161524722315e+22	837376262980532	44560096355969.4	44203846843.5053	-1819614363131.15	12985106907028.6	1647925739539.52	575935566.971915	57995973791597.5	109508212245.612	41966250756.8824
"27"	-0.128098355511007	0.485341706520689	24.3091427068649	-19.1398115956114	1.67500755900094	-1.51236886899872	-1.56450727957544e+20	2.10490652539527e+23	928916078914186	107558087353958	3314603381785.3	-152968853585.334	18969089612747.4	1170678622217.83	179709442.370494	161987081534464	-79436610266.2702	-46831695086.2004
"28"	0.196455636029709	-1.26652693661683	0.624022623405054	-7.5602804258833	2.14349034060601	-0.143242664053936	8.12173336675547e+20	-1.40886993493759e+23	801162889331970	110662295041764	99288476181.4304	-611661532863.773	10441457266337.6	516987404738.102	1122950454.96444	26022738390894.1	71500802562.3383	11175990149.5273
"29"	0.44334927893344	-2.3762657114192	-0.810236305903317	-1.66867811078529	-1.93826765899075	1.92735189884274	-15958414919480565760	1.53808046560812e+22	495120284284703	13793561277914.6	448389192618.697	-1258930826446.88	14568721673391.2	2199375072553.49	238083329.765744	113829021358966	18060414044.0026	31070838560.9708
"30"	-0.0381165514270358	0.059428312067128	0.973503076198887	-1.13864198233527	10.0038064036828	-12.6048636876262	1.34736978819952e+20	-3.49654222417956e+22	500125484922956	21828312319640.5	2076283356297.99	-165059932675.913	14266970457526.4	625521284245.026	2179261618.2944	61550529769689.2	470766321992.435	56120826868.8685
"31"	0.0987288539501055	-0.0540707110202652	-3.89305512359093	-7.35795484376264	4.37634207972827	17.5425525899999	-7.06237505323876e+21	-7.12918011917109e+23	653429553940461	43373342314307.8	83416958442.5373	243426741816936	7445238739373.2	1107714403411.31	-52476668.8368236	18128344320276.9	121996792516.791	97143618722.2769
"32"	-1.23425469472892	4.06903823904982	2.42731041319454	-7.97664884256256	-3.97256728494444	10.1200334737463	-5.83511040662568e+20	-1.18374795221348e+21	936073831960168	29582136684251.7	791682299690.211	-4187856147255.72	17429270117732.7	6196487554546.31	1287601265.67594	266452807786926	118341890642.799	40796364585.6957
"33"	0.645627392215516	-2.96799752007986	0.0394255557482968	-0.597963713681998	-0.924036428321238	0.901848295475316	1.182924485268e+20	2.84354259779715e+20	1159695254710000	13572877444523	1357908336160.35	-578981319545.015	16120114643944.2	3761319821363.84	710388526.203071	687802874930285	15172464776.8227	-9412839573.31767
"34"	-0.203212480497372	1.07300561421092	-0.0738808844997086	-0.567488587330581	2.115637476693e+18	11517883721913708544	-2.84391278468576e+20	1.85811657145641e+21	979412446464480	-2635230096778.4	1407438598239	14703819200964.5	15136460989868.5	1674768654279.98	939663944.102019	33312742576072.2	106468981709.725	53895908606.3024
"35"	1.331705235428	1.16195430312822	-8.66809451636731	-19.5616070068961	-0.499922918966592	32.8921935411009	-2.78645893665855e+21	1.18854962578062e+22	948387951487994	45218162268277.7	650477254157.195	-493800605575.003	16131866730475.2	2317694891237.91	556846263.606022	66009449579618.6	124760069783.501	-9561053086.37155
"36"	-0.0216332885501294	-0.322152721931748	8.5736548905881	-13.5493130822016	1.79881770663985	7.1986066078095	-32839720744984633344	-1.6263556144528e+22	638593106342717	26951900524198.3	2637824296726.39	1932341231592.41	8996505486149.42	866643836311.961	1217634399.54042	-8180861911514.25	320339660355.656	6888207925.30735
"37"	-0.15355692877769	1.25344625899308	-0.392482980912835	-3.11008201359178	-2.74335024707706	5.4077900313722	85270214426044284928	4.91432388091994e+22	1507335034941164	5854224490030.34	1448484117479.65	-634024591886.113	19188563182518	4307113617955.55	93641476.716795	-1008282176160318	56408844841.5152	-13308688923.5931
"38"	0.397964067932618	-0.126455273085563	0.899626741567924	-1.9114547280701	437460563214579	2535888463976838	-23887400359862149120	-8.19074107067044e+22	713190696382038	-4423745374839.96	2717584715244.03	1150674715966.56	-2768139510498.79	1893951271633.18	161411923.833814	26768821638449	121599453327.607	35473988081.0747
"39"	0.0291150555968569	0.357449767823602	-0.939851386221087	-8.96049002620686	2.02964507917255	5.08809464988597	6.78282213711179e+20	-2.7789906781951e+23	278368336938588	52708002563748.6	591862167048.389	-157092876626.865	3496397756937.9	1778168779408.2	-258512342.347023	32705005208329.8	31238317303.2655	23976799751.3934
"40"	-0.382616552515786	-0.0791870808759544	-0.682503308869104	-1.48004635114229	0.376317693566578	-2.16691249925843	-73730440253024460800	-3.19525513880373e+22	-71222176704357	1074673555773.61	2104916429027.72	-77176859449792.8	2886620893152.42	912680116723.405	320112582.706143	109952616644239	-22131252953.6187	160150733368.323
"41"	-1.02800403101202	0.701273986131609	-0.0421771454190804	-7.22097504014056	-12.7292931842478	-19.0754995886717	-1.23047878159212e+21	-3.95136490101088e+22	548112708108566	7181921631232.76	2600832466486	4207397553896.17	5186811536063.04	115631120143.021	548654470.045602	373495319522953	157021303291.717	1088099158.22887
"42"	-0.239746080444969	0.425680859602887	-5.14688103646527	-11.2249910711991	0.464303366957306	8.99493058537624	-1.01135400732033e+21	3.9729155342512e+21	814789500569855	79055031931426	229934015112.857	-6352251882784.89	18825250527573.3	1416806513235.49	1005459593.36617	31063079768027.2	117085894321.707	41314155200.9331
"43"	0.881901864558133	-0.408436527606267	0.210431041954782	-0.431222952889362	-2284377162859556	4332894178747458560	-7004367597195040768	-2.30975132774355e+22	647391667769970	95468887804729.9	1333050792474.83	2043167861428.73	9478160778744.1	3787086490787.31	303129422.676319	-60430759316909.5	173561299519.654	69272673484.3005
"44"	-0.164157825350354	-0.807809073533939	-1.56222388230909	-1.83571072200629	-0.213152777053862	0.0443480464441979	-1.81149423012815e+20	4.84043736998952e+21	162393327777036	13958143755407.6	15278177473.762	-623986918028.544	8210808306013.62	758034025002.432	753627679.654551	111681253153523	54435357273.4977	-1851932903.31908
"45"	-0.909258528861645	-1.41486269792736	2.73446161489406	-3.37674722955348	0.440648687668535	0.620239822062943	5.20689870280298e+20	4.8806020781586e+21	842526406048197	39700921818182.4	478444862279.644	-1557589454414.51	18734680507040.2	2611023253759.08	679419959.907122	42725834615962.8	53438618376.7809	45182693979.5477
"46"	0.312517381897734	0.296075054701774	-2.80871234064764	-14.7042811886643	26.3318170002251	18.0718732052774	-7.05882756331831e+22	1.19160121475396e+24	317041641367818	31567562958726.2	2150160857365.25	-56464499178.0864	351124161332.028	2010862001566.43	1023578369.06222	72827202007600.4	463622942592.932	114850006638.999
"47"	-0.140002673125007	0.70654115848646	0.0337265572506278	-0.280636289393732	1269530995575141888	7688183262282585088	-1.42298700320882e+21	1.9982596404955e+22	612275838207832	-12112413847425.8	4522567462510.08	-7199062809552.72	1780411571126.11	2769932034583.93	1203402069.90079	194587452974842	30941320564.6596	10324006690.94
"48"	0.191642710958285	0.826564497550377	-7.43741909463566	-4.93700814355161	-0.36961843060538	48.1486211881113	7.60980863595727e+20	4.45516619172235e+23	-144462771525413	11351235168156.6	1182118035395.05	10132208073543.2	1734748380791.37	1117115244406.42	546249147.428306	67888099275016.4	208125092666.754	167674155446.756
"49"	0.605156489919481	-0.33323598833383	1.16498907247098	-4.44100705245609	11.0139233510382	21.9133488173334	5.19562118422797e+21	-4.17284363488883e+22	851258548650094	35289604044767.9	1711422649006.29	-11341725749670.9	25177232527219.1	4145784832007.21	1020962094.98673	141726101270181	82790933067.2399	182753712221.086
"50"	0.00543726517090694	-0.674612394084337	-3.40948068524699	-1.79507598767724	9.3267865403221	-17.532411863157	1.9105633556224e+21	2.58512983256513e+22	414596630996729	37208653950757.1	384106636937.715	3080780498810.64	16438359585366.1	939962628558.842	643633949.619525	3564859204699.7	195069046281.367	25028473409.2256
"51"	-0.091848744723885	-0.327334791132625	9.70631236986503	-7.94293839381457	12.3382698068914	-14.4284392753043	1.57918600035922e+21	-4.69094330257668e+22	358925237538493	70302857241218.5	2288259998901.01	2434458527785.79	9435812794156.04	2925209548598.33	717601816.408972	71435991820102.5	103374952432.202	83259985358.3785
"52"	-0.438871959782994	-0.410295304641516	0.228677903749379	-0.823842171877806	-430792659967894016	3.1414139672744e+19	-1.63456581051421e+21	-6.02213435669313e+23	1084554838393177	26332356569408.1	269241619496.147	8172914637757.4	18016315778650.7	3371593331177.27	506513711.879586	-55472853657647.4	150585856331.312	11437491794.7564
"53"	-0.632322067016949	1.17342705445222	-7.47770887885898	-12.9988822276864	10.3677772822022	-11.2357856059458	-1.38767482099175e+21	-2.96794547020592e+21	1168734849578172	155986776346083	4449645479501.41	-353960882627.552	42319952430155.8	-885699608544.44	844504912.379333	-89885904260107.6	151996473279.691	7360162918.71711
"54"	-0.282453111628098	-0.0762792113419494	-0.1451619544924	-0.539786220141265	0.375376849584408	-0.433777399242422	-1756223063570098688	7.55641532066519e+21	-55338847615583.2	9271436853382.13	2539627509598.92	-2428231217572.19	1305048061154.06	995848423268.093	561229377.061728	56826688269387.9	15664323984.844	23684988028.299
"55"	-0.211142678875538	-0.734263356190935	-2.22268894462395	-7.9640317952674	2.20948345192544	3.68342943921893	-3.4179035705373e+21	1.01933362037525e+23	219639236973507	57032958108667.9	90360677492.8688	464336758787.487	5927368155788.69	451368251868.583	-170007774.874244	15828717136559.1	10020254183.1991	-26967030294.9655
"56"	-0.214704950472661	-0.825620549886442	0.389208949366008	-1.42425953173689	-0.38348135652951	-2.81843444280084	-81421004169958572032	2.2487977239034e+20	815027921858827	76492957549979.7	1232788196463.25	-2755890294861.24	12929911349692.2	1575028182617.23	3302559632.40043	525147120377143	41981879145.4136	38926803973.459
"57"	0.960818846844876	0.186635940425502	-12.5813619113764	-24.2618861622937	1.0149713070046	23.4040663217115	9.18850869760983e+21	6.64172457456839e+23	963949270934321	181033566249561	663817983980.622	158182197724.727	28885464989485.1	3161552611909.11	1589122065.71756	62124464410312.2	895548906600.528	71261027452.2813
"58"	0.237193253286067	-1.14890539441994	2.33823188177309	-6.26406199423958	-0.267690809556521	2.39701389105773	-8.76330593071098e+20	5.14727497610458e+22	654783688748458	20333085475319.4	295044500567.631	-2040778392878.94	13171354675968.6	1412843800742.09	864578509.112255	22408063469838.1	18039404961.1018	26168418058.969
"59"	0.164167872448454	-0.571679623458487	7.29754015894449	-19.3900204909653	-33.6600936515919	-32.2268087841405	1.6743425404559e+21	-1.96586702597074e+22	559783643691021	44154941769184.2	2115783045239.12	-74238216353.7837	1323125846697.94	4661177954144.08	1796352235.08217	-726048697084986	80605056050.1147	68734170907.3499
"60"	-0.0970927606779095	-1.25764115401879	9.31112358649912	-12.8683674705979	2.47097042951533	-10.9783404057081	1.17281773953318e+21	-1.35250729729381e+21	854286461973985	119060644212205	1848019708027.79	390433760797.581	13985053798246.1	2544284957310.59	2075226455.38784	63353996513909.3	30408953995.1101	63440054490.1474
"61"	0.0610150744512698	0.575813697504055	2.41667747127471	-6.69901830758256	-0.466088909683541	-1.27675467092761	-15247985132877072384	-1.41524298171881e+23	789687830850622	39988840285360.6	2324912518118.15	-167710269191204	18545027110418.3	870244916383.198	643233966.739775	155089522848256	193689892159.958	34980875749.569
"62"	-0.211210106821309	-1.04714284927542	-5.37836376783357	-5.73664489394204	0.0192564480141444	3.41913047237207	4824423386779480064	2.68865917832684e+21	570624017022272	33145366096530.7	1144664843643.86	-833999541386.968	18790713282146	1014797806218.84	1523137103.95744	182145703696796	59893776814.9994	22403548515.5006
"63"	-2.14459872476782e+20	49985885692507136000	0.929149604054598	-1.57373570943052	2.55721099434202	-6.28176770861605	-5.44253696479423e+20	6.8951892345869e+23	443917942122609	69999370543870.6	1901240068355.94	-174001317955.195	11584414446611	1295274454022.79	417560890.835411	47617217471017.2	14188778178.1296	-10868333997.4791
"64"	2.79842245949563	0.877718137013675	-3.41029039117031	-3.54528052952786	-0.494072450931132	4.78406117001552	-2.23151253449398e+20	-3.39600971677128e+22	1531527369053685	22573088678149.2	773824235750.32	-531621679397.997	28665728411216.6	2291640696515.09	824685631.778579	-63755674240103	39327045834.5283	13859506472.6805
"65"	-0.0379264351037442	-0.335228027147433	5.2713089163473	-9.25226646988323	26.7655581357867	-25.2510304482419	6.97531281012681e+20	8.29846777198361e+21	860138981429812	73059145457385.2	1559681257519.52	1910189408229.41	30610148555709.2	2411185998880.3	1727530012.20065	65419845124708.5	237345929573.566	187396361519.29
"66"	0.256684395509862	-0.0415680865427086	0.287258291023163	-3.03137483483985	7795444179913742	94104053030442960	4.7656018371047e+20	2.95820602784166e+22	233820368602523	46756047714560.8	1519373729135.92	-7022825562591.55	5463799906504.77	1416266573995.58	804347377.287941	139497288489224	150483023218.206	4049985452.03573
"67"	-0.38835720463636	0.891605621577286	4.85420315863985	-4.29685912134576	-8.51542882205054	2.33715994289099	-8.94123022729224e+20	3.04787592142747e+22	349456869739601	42670631677380.5	4072157545856.88	1721508786914.24	12883879631042.2	1925584209109.86	1137557582.85226	805895030137702	285659997353.815	156237767469.39
"68"	0.0641101471866566	1.15435446645147	5.23557407299985	-9.04500634804955	10.9977698847759	-21.5652866068826	-2.97364961617335e+20	8.34584627665287e+22	941572627033996	21915891384043.6	3402929064343.72	3162420024393.17	17692685958226.5	1744952119626.09	2398495440.22332	56334328225900.9	98787713211.6922	22762665532.93
"69"	0.816458413945758	-0.956645866025717	-3.62430589044025	-4.28664115178278	0.847372981143857	-1.33883069323034	2.38778800582312e+20	-5.81874699325364e+21	818800700993812	54784049553610.2	477561366568.248	-98599431419702.4	21793359090933.7	653536683354.678	268594551.396848	-42454195066754.8	173781665001.085	32410566275.1069
"70"	56395744560704389120	-474008717420151872	1.56464505333614	-2.96550281779669	21.0429447266645	-17.8550230326053	8.45669336835573e+20	2.88847975597554e+23	509669382082203	27559238950126.6	9391864984411.51	23822614557058.6	6303131345040.36	1069084484564.54	2057862715.55462	22202953986186.5	24119192191.838	81774650511.9985
"71"	0.585607445718181	-0.752805326767356	9.61693536916737	-15.2897324004967	4.94249611335595	6.08725422400921	-4.79983091255904e+20	-3.38741635417377e+23	488998000887114	52004621161478.8	801106095009.214	1016634393617.02	15525701095428.8	2748206857287.01	1154979954.7358	42166358876550.2	96633177634.7679	78076036102.4895
"72"	-0.363176258200776	-1.25223627783342	-3.91152407368344	-17.0311899795732	3.69626222344569	8.47860663232207	1.29376802877653e+20	-1.70011505842335e+20	539391965476900	109343185283685	162851022777.167	-442970439198144	11314030084742.3	2380691002267.17	730426957.371225	28773490466854.7	383490985930.853	107181259003.96
"73"	0.154543208347557	-0.218381039059209	-6.7111992847352	-7.60876264394108	2.2909452631494	-1.71956704414116	1.12123291803257e+20	4.19245598240189e+20	413289507225313	47642590582856.8	18076765681447.9	-266748717045.166	6860622611793.55	1610767422136.81	464230453.119917	680877486203184	355169410285.361	345904887302.869
"74"	-0.142408370928852	-0.612522992235711	-11.1138256422282	-4.19769051840215	0.729170621653804	-32.6880682485812	-5.18167298055752e+22	4.18721583646535e+22	705063712803170	15343272654373.5	4205523776228.9	613222068985.227	11677712950436.5	-547060790454.56	1152845352.10212	-73782458130375.2	171620355291.713	-16341896312.0087
"75"	0.584022845659258	-0.226813854783194	-1.91880719858811	-0.552520653209682	-2.08388976972274	-7.24845189080656	8.1747747987447e+20	-6.57978152960972e+21	595579330883613	38089731743446.2	632495978009.886	-7633590476605.38	5363519905002.43	2370363124366.43	-289888820.171499	-66295105958933.2	-8306568104.91646	60759220134.579
"76"	0.704744363431834	0.0382006211817028	0.194916787310219	-0.541355105285152	5469798612599825	-685347339997171584	4.63353682730139e+20	-3.79331704593847e+20	325746835941807	69575775972781.7	736939700740.053	2481045915269.41	10211631864224.7	1271954326594.34	1177305322.96886	-3207352762396.51	153120726708.58	39932932589.4437
"77"	-0.0193684985977617	-1.13737356042756	-0.997659908405926	-2.53294321044458	11.9910074417876	-4.57958900932731	2.48246398168657e+20	2.00518604350399e+23	728180717645401	7116249356115.62	6000066146609.67	-4006623468881.81	13120123961653.9	2478593139022.14	1372767528.37566	93509114880774.1	50478943211.8008	68006403017.4028
"78"	0.575430951559751	0.627433868511	-2.03516267038403	-5.11235605717529	1.4043603196127	4.6873161399988	2.34076008161707e+20	4.42295877247683e+20	768581041232983	7858052515322.88	1645390959857.81	-5029134508222.61	11251815428568.3	3342826429033.78	719763757.965374	141886739326702	93125688038.405	74885865110.5435
"79"	-0.0349717442646476	0.189362397990364	-1.05714342391069	-3.23192340267065	36.7268039747524	-45.1113062662052	-9.32593837201054e+20	-1.9642107805447e+23	649247165405926	11031691210505.6	564674016001.948	383437656722.674	6443343510314.91	817482560436.462	7569179.70970113	14107248359846.5	562389480672.234	253642848508.668
"80"	-0.517877068709775	0.848232341124748	0.949294845474497	-3.68461762293521	5.66741575632565	-22.6009706393252	4.69278933996006e+20	2.64831175913391e+23	586304491610776	48315109005551.9	1637828972861.81	3127421359110.52	19043916920855.8	2367474143110.89	1742321861.95856	73624361287833.1	200245017229.098	103165456120.657
"81"	1.2021011671139e+22	1.05607329181076e+20	7.40482614946187	-15.5861848800326	13.6704520997668	-1.63322561047328	1.03790751392126e+23	9.63002248858882e+23	335287857978839	50813853769669.6	4572106679954.72	2727405195391.07	9326453902547.71	1444380041291.3	1509604341.21001	372235427498231	191272140466.457	-35086468628.2449
"82"	3890714882281634304	539799996926607616	-0.871601917217508	-1.2643118344483	0.76937346943763	0.604616610558526	44494464600016158720	-1.77649296711978e+22	265996588172097	50062527684662.3	938487148831.625	-721856302402.543	8442214338259.42	583235584214.044	421919177.735411	72250074005831.6	19798853523.8748	28367838441.7234
"83"	-0.63834389466359	-0.351980410180044	10.9507723511835	-17.0195331674172	-1.70877164601143	-21.1139246390782	-1.16494247229069e+21	2.82976397070516e+21	372570037924579	6208477709415.69	5151429042104.94	-385878815876.45	6136846409360.5	1355451021522.92	462008100.469123	136321077821324	86394009163.3201	37203610061.4523
"84"	1.12959128186681	1.23336920648425	-4.74057439982111	-21.5044902220784	10.2141489876573	17.0247059605243	-8.71828129156834e+20	8.61403263403424e+21	1260623500472858	39926760596246.5	1106341290447.94	1453570359768.85	33195613363314.9	3056717656789.17	554466187.608083	29075880958011.2	88240908650.6828	28746406197.769
"85"	-0.0264330420306867	-1.08853488541812	1.66232315116617	-17.4267900767546	37.091233179551	-51.0835527350931	5.91189574762548e+21	1.34199374365444e+25	680963795748446	18304749549581.4	3040928280854.37	-164728886803.462	9707735075793.14	1202999780377.29	-293695936.135099	59586083975627.5	-1456542325924.01	198248442918.075
"86"	-0.107779884838813	2.43399211465233	-12.9407252348829	-4.04906034077729	2.9074597294472	14.1510248191074	9.32558056086907e+20	-1.38908091564582e+23	603666309873763	22838486397089.6	1497292912556.83	2969922375745.22	12733045250108.5	1559630283432.86	877239965.902543	-39021672100727.1	196510539249.147	28022891330.8086
"87"	-0.373127959668945	0.953831843663105	-3.27744037415006	-11.944967992467	-7.48323818843578	-7.75757565606975	-1.30006312259026e+21	-9.78303638935975e+21	757151196761049	74888765218621	1748601641772.1	-9147773638751.76	18442073588151.1	2379542899826.44	573739623.569083	199855204671108	83511837011.582	76697278236.5836
"88"	2.54664583000661	1.86496151611346	1.11470342466165	-23.1105463913331	-8.07176802418853	59.0025591911639	7.49683760147659e+20	-3.06655070225632e+21	710296461307203	78224265571569.9	1244255364749.65	526094571008.658	17963321670897.3	4321237301410.04	1242381248.54147	583648698520535	433723938210.765	81488553904.4897
"89"	0.0284640844698531	-0.0390739417334696	9.71622577089315	-5.77982381589415	23.7160492187483	27.387823252872	-4.01541871538446e+21	3.19661679909699e+23	-39170475703141.9	9068872765293.38	3966576268186.7	7045884712859.49	3798095398337.86	1247843414127.71	640112621.408747	151270717367156	224021167974.702	241153494730.234
"90"	1.55419253278962	-0.801183297692773	10.4218134434421	-16.0235318061242	2.42533660954737	30.2474324789065	1.21786050599575e+21	-1.69906758751561e+24	611642292011452	55810745285295.4	222345792223.055	2435356007016.65	6449820255748.93	2774746009807.64	1910104791.51083	37413795706192	210671722478.457	52939420032.9652
"91"	0.400876363008186	0.77274144474437	-1.77578903067589	-6.8614169206791	30.8220633873721	37.3818418926036	-9.4298472296382e+21	7.17739826971896e+21	664297162581700	39460561905307.6	965790241892.456	-120770807057.13	9821461408300.84	2527183131155.22	1232054744.28202	39832753140448.3	315119417460.112	36573874447.7145
"92"	-1.1035323924038	4.11889457202041	9.08809180522982	-23.4302680514284	-23.3884057456704	41.2059068172481	-1.20506173922675e+21	2.82832624268127e+23	1271086832536466	39866312838932.9	976183520029.819	40705826518.7767	22411339211942.7	4934865379513.24	1398302061.51864	373122793395005	407949908394.231	121840167689.522
"93"	0.270962630123986	-0.127851095708341	0.133724619685976	-0.882633754300791	2.3511933692045	-17.4486154205397	-1.31248724436858e+22	-1.09711772420902e+22	266386193884966	28965334247920.1	309384402502.475	-11446527672581.1	3147061289083.79	790877873261.743	-376820165.151266	43016744479852.8	93322166650.2537	95703330854.3416
"94"	1.14819187430518	-1.72222552798868	-4.18349331480999	-8.3726734747526	7.4312348724272	23.7948304555201	-2.04477100269992e+21	-1.49896348147923e+22	875813217563930	23230428212085.5	1002062375019.43	2229177158722.68	14328336637248.1	2873664134898.01	2080537184.46022	85711866093814.1	380555452717.527	199180033097.195
"95"	0.453909606632634	-0.553430593303862	2.44232641815582	-22.0439466169504	19.3264907570039	-5.60004699982824	-2.65274149723925e+21	-6.84349420633876e+22	522232017992772	39378702985687.9	1631422601219.83	1583834492077.85	16723026596787.7	3587085249996.32	1144478863.97633	94395195471346.1	1157509208249.18	228986661579.718
"96"	0.239715128888125	-0.427709523961194	-2.22780789789129	-2.32218626414566	-12.7032300176447	19.1591665438343	-14359602062002771968	1.75921905784045e+21	89690833694511.4	25164475185257.8	2184735405018.07	-2585127953993.36	5640411779746.93	1033809388801.35	292737534.87595	-518487116323913	62419242073.1527	86473652988.2998
"97"	-0.50405706228305	-0.0423765455137376	-4.75021089644978	-7.86714795425496	6.48989269246316	0.201795732125412	-3.79063507971587e+20	5.20828719915814e+22	324667901068230	80283903071500.8	916516021573.773	109839206251257	10596140292089.7	749342128214.876	-128584777.564198	44944133628665.9	64701317064.7913	17396913663.5318
"98"	0.816735812004401	0.928058315851988	8.53064061375964	-21.1618407525023	-3.49289336417737	8.75036989808116	-2.20211065142067e+21	5.83976216386173e+23	1016146070579538	125209744030978	2717686386136.99	123230719358.043	21560272527898.5	3547583506909.11	1520748407.11862	282281999750273	77440346133.2941	70896841126.8527
"99"	0.572189577247696	0.544819879455965	-0.355355406581807	-4.43216976886754	0.077275787849958	0.239737324266595	-1.07201211380372e+20	3.21630852076394e+21	125331382338847	17321276002679.2	1701267018874.07	-669434115000.367	7315719786042.13	313699058426.883	143393335.169512	137081843462908	49366552305.071	-1696276346.1565
"100"	-0.526873012303296	-0.79044055721367	-5.69569910866411	-7.99975837170622	3.57661755470779	5.92141473925261	-1.05173846458849e+21	-1.77615758074965e+22	739747316565698	13837621474520.2	1801097000450.05	-12762613884.1726	12464863070244.6	1794667534466.15	310819902.419644	74148646422550.5	40416701229.2503	10644058796.5535
"101"	-9346937586240182272	1832537060179094528	-0.737036155590704	-1.67851612737157	2.09176497405889	-7.46165241779662	4.46483220674643e+21	-4.66787722251459e+22	520885358432600	78441599625671.8	2303898091293.93	-1455630349115.94	13035517895600.1	1066695417436.2	933173716.796836	76398336194311.2	49576754494.3386	37862823219.333
"102"	0.57367578972555	-0.194220571251468	0.392913640615452	-2.22135786031047	81276414848483040	15439975372521316352	1.1045373075868e+23	2.76097484135095e+22	1389932597271095	72932101209092	67390748202.8862	1101285289922.5	33723311927118.3	1653222968463.93	415309905.464608	-4263893358491303	39654812102.0341	-12095292258.8785
"103"	-0.253444380278549	-0.49848381739076	-1.37369255573283	-4.20604194727028	-4.39343569297476	-0.0413443399449977	-6.04473669574409e+21	-1.72123977635374e+23	290566078093940	27962023975491.2	405965088118.514	-1139720829865.81	5366945490483.08	1035155408229.44	-288574153.344909	21959195136771.1	12713030572.0822	23335077588.6395
"104"	0.662652155254567	-0.716288960521208	3.37960210112222	-7.08596403793467	1.24023313238432	-2.90712540674203	5.21358252883275e+20	1.50279245053646e+23	790485478823469	78029714452062	1176729455237.49	-1876691351483.49	25167827784394.6	3000685225119.49	1171705885.10709	84187468443546.3	70242775947.0349	63181722412.8537
"105"	-1.09241497114135	-0.701984976563984	7.80275758156359	-14.8855269503571	-2.46820099360302	8.69345066719395	-2.30415697013659e+20	1.68748061478157e+24	1215340851723255	174417984666991	382114014435.14	48263541098311.4	21800919702943.7	2493356415239.78	3432343401.4762	76306869154043.2	212014637558.22	10265312902.8435
"106"	0.240687596675986	-0.600801032754297	0.235702235570512	-2.77252856200254	827405144431756416	6685476820307080192	2.87819178465445e+20	1.68594772009408e+23	974243632635386	27414146042918.3	2049532033230.61	-18057185578090.7	9468195509298.98	3006357211769.73	782341961.470746	11044291678589	235476422786.943	-5383071523.21933
"107"	0.401444874691747	0.319440466497385	9.67916887978364	3.45443815211839	0.651245486234071	8.74337626145141	46147863693974634496	-8.52996812452088e+21	-55186120356406.1	-2641458443639.99	4461801772848.43	-279685586688.52	3279532835100.19	-424154890796.758	437189887.378007	-4667028449486192	93736061020.0861	7225092370.75552
"108"	1.15316046420884	-0.125721501264961	-8.44116650851599	-14.4132089312249	7.51574136523279	23.6116945216942	3.27373328242807e+20	-1.64522929481385e+22	1033378148476548	121137353129204	435385402724.891	21412543352166.6	25605312659939.3	2917834744969.47	1888646767.16511	37668856223696.2	213315186796.548	84876609396.4191
"109"	-0.703203801184878	-0.8991107016431	-3.82387051009974	-6.3581453244441	-0.0482122135759611	3.10178891320982	-7.30470104556006e+20	-1.57652302300026e+22	752360842661222	9303007522312.31	1160919006024.57	-85924565026.2147	8876199595983.18	2141487142166.14	1141030623.12316	132946223749964	35243478462.9582	27307672947.062
"110"	0.392330701878187	0.130890457264445	-9.77007836458659	-9.59388120125678	9.10145800347554	5.32078956998439	4.89365110331448e+20	-6.54682261326323e+22	632792114727617	13840192263875.9	2344654947197.72	2214447254293.45	16021210569079.5	2541898398671.36	420761368.082194	137987850865358	305914859781.577	56795859092.1114
"111"	1.76233505324854	1.56597278041994	3.34663934253317	-18.2012214130426	-22.3972054390222	20.8989754873953	-6.53204429706987e+21	3.70000541296891e+22	904704691058936	119661132562904	1247292480894.92	557491570436.416	20769643334448	5173314258273.45	3356079785.88789	786940126413918	2433879239567.34	4028303905061.71
"112"	-0.74745467069749	0.395010109921082	-4.09374198252549	-9.38506060881403	-4.36493630576834	-0.21569126765642	-6.35039864068731e+20	-3.69382264180706e+22	504467624399130	58721298656725.9	502797053799.023	-3803167282967.94	14486498293166.1	1136212547875.23	-29433122.4670184	70662609562901.1	83266282467.6795	18766984429.9592
"113"	0.0772952655434497	0.285852834135863	-4.01526563163916	-21.1371256324091	7.29227760801728	-14.3562211243593	-3.0935850900186e+21	-2.40946911792655e+23	795339672059122	34653327626137	384028406314.272	-202265618126.405	13727561815685.8	913563145712.563	920478281.229936	27196257948514.9	138751683648.617	-25430750102.0498
"114"	1.29199234826274	0.788783800326748	1.65844346108613	-5.95508064738323	6.19950697198022	-0.526071750921849	7.82636821249929e+21	7.60439145430067e+23	1099888345131546	1715614223600.48	1377757523237.3	-18176253570.9582	13211109352730.2	1120614274118.16	293555640.075583	-13915945213014	146906465870.634	13494490478.6993
"115"	-1.03996617710826	-1.59108550213821	-0.38738610902279	-9.15279474468241	-2.31209246838385	1.20196807407508	3.58243286526729e+22	1.56265928243747e+23	320596789818100	21218807986216.1	-5819460697.46505	-665106908600.36	11553699430649.3	1053212757070.8	586790085.145703	9702133378689.83	92344203646.1499	-7863659167.27934
"116"	-0.641899928128512	-1.12935943541956	0.617441795291509	-14.1396054529237	11.8581400292993	-8.79096258934938	6.33367458340624e+23	-1.09967889386696e+23	948041700152683	29519287917204.5	3401817625717.9	1542011930856.12	29907043270986.8	1647297430256.39	2373935121.24574	35755974537153.2	296772150297.673	81326483228.0964
"117"	-0.667034847233278	-0.782201528987053	0.643476034381107	-2.80054902241889	2.25214042101685	3.99719668826125	1.96062316017444e+20	-8.23070271414555e+22	885167276628667	83016308315732.4	1094122238312.83	-10604090594927.5	10791659697634.1	2994085807844.14	2622922211.52016	66932148088617.6	112536732699.192	101056789113.066
"118"	-0.607953185364438	0.0108715757576883	6.63134388626113	-7.45491985386572	-15.2122136789624	-7.52954321725203	2.51814978079105e+21	-1.95845488763408e+22	436941937692792	20681426083004.1	2856196057437.58	1425226104974.07	13842964685626	3240819322039.04	1294611333.42756	-16976743899538436	85958120150.2539	85866675999.1228
"119"	-1.00923970134587	-3.04378334295525	2.70548342633965	-13.1884979610192	-32.802263010026	-4.59497559798214	-1.77882278960084e+22	1.62652118922852e+23	1660148547813001	32010921390489.4	562131662797.594	69446885637.0499	9995119606517.79	3994147662666.1	2979303776.79502	178884827540745	68465167000.2007	105576513138.51
"120"	-0.173364267726674	0.252948316658695	5.24971323778482	-4.71486958597902	-9.00512535759084	12.6374219037584	6.61352463293924e+20	-4.70709250490061e+21	550881101277954	63157238761795.8	46672098958.7736	-183408386141.305	6390990517759.08	1019398054529.27	698126470.539055	17657114144987	86855451322.3533	38112296206.997
"121"	0.942620297062616	0.175423455721863	-5.94490157165242	-7.95497562179738	9.24911375097506	19.7541840803002	-1.13282061414467e+21	2.24436590558088e+21	782321430130539	104470327072371	653722451249.233	-204317618365866	12876213416957.9	3553585057429.27	1111036698.97525	17689226027606.5	71243844649.64	93106303788.3996
"122"	0.307175467265595	-0.246483338539255	1.95545525578307	-2.79847093778825	2.49954696412824	1.17549518011636	51468900545683816448	1.52844370997898e+22	1313379686569890	-2366402890952.03	628179152177.052	-4739221020376.05	21228657714533.6	2986978604480.27	1503871417.9414	52110636261440.5	153779799534.917	36017310036.6483
"123"	0.0105140775663189	-0.0433738199292217	-3.54215008719405	-14.419442252396	-6.57374824078997	-8.64416423050958	1.30239806365275e+20	-2.26126664221001e+22	780795910927580	145966312557443	331329843100.097	2412597554318.59	20003537653048.1	1824875186632.21	630116135.441972	43301019325954.2	156691236803.449	70954440191.8386
"124"	-0.0602728122158086	-0.0973206316072332	-3.16553029459508	-4.2727446501706	1.09848303294956	2.88182028180511	-2.83167536611451e+20	7.60695170125899e+21	816406109068648	84693498038307.5	234760452046.911	-1824028593780.46	29039007675943.4	638719143850.269	168197249.986228	40279311282137.8	65600556771.5434	48035862880.6223
"125"	-0.269769812859202	0.305097362191089	4.26469626311024	-9.70401282438768	-15.1111770117431	-43.3250095491828	8.16348177935737e+21	-2.80594078158302e+23	240276638106787	43843458086109.6	977723611423.079	161086330120.069	10016141458984	1027436554923.1	110278771.759012	101193180113823	216795231203.163	95343090906.1951
"126"	0.439056717497583	-0.176975674656664	1.30326588160722	-3.60856370706709	-3.99505787103558	-38.8235295153135	9.80239300115768e+20	-1.44176049372376e+21	429871575360258	-4178684883629.46	267358151460.156	2006969473331.87	3156590556786.33	1244876909168.36	-36345409.0807406	44566411634524.8	134725717255.806	77033978205.3242
"127"	0.53063919036364	0.0724561120020259	-2.65697737347629	-5.00067548781507	0.811103005500777	-0.442908489656863	-19136477506728361984	2.19746448586614e+20	969999975374717	11007069996431.1	363901972317.691	-1139347306402.12	17571642741872.6	1935834630454.77	909085955.524957	42286482793513.8	80161966064.5123	5769309001.52079
"128"	-0.0903268664182665	0.512525806853729	-0.547411167594054	-15.2678268225786	12.8971948802975	-9.27290511816541	-3.39831817355202e+21	8.47059770064228e+21	447643310509500	44251002543927.1	608174526547.877	593238142044.453	13192956854900.7	1160598314985.88	1543609863.63088	36665473627963	111365699271.506	54742062099.3237
"129"	-0.661234226763718	-0.278462452942138	-1.07799627109262	-0.671581950813652	-1.22453197305646	-6.0920019326864	-3.37843839620283e+20	-1.95509279895946e+21	600524561747249	35862682780453.8	2326151474604.56	-2521740692253.96	875393436200.794	2580779393638.95	1814422460.92206	164865607266927	67162551083.8449	63214243948.6911
"130"	-0.288867994044211	0.192641055623104	6.71996083417759	-5.00773438846839	3.24318858507762	21.3139184402532	-4.51775745065434e+20	-1.13752137687315e+25	1123498032956485	19934639899327.8	4179208685472.41	4037810305809.09	24488616622712.2	3825385181182.59	2490094450.52505	736814104162224	146052814384.246	102619432901.287
"131"	0.110367975834888	-0.43895082821028	0.37388067734334	-4.5266285204982	6.67892453596914	14.5735989285566	-5.51087454392211e+20	-83803025800182530048	239671313611827	19263264564722.7	1295156356640.39	-7072267280664.86	1854934051737.86	2060973215474.23	-26916906.9073794	63675032977148	71987132185.0334	63738489850.5748
"132"	-0.285644315063506	-0.815299526157546	3.80641733254968	-5.89712883584588	-3.10134369573696	-1.62193159984763	-4.93003029127705e+20	3.33571868172583e+22	622723186561951	29023628134115.6	1276052704661.43	-281687716028.011	12221247475734	1614958533849.45	1498255620.79059	1121740753601379	65894586050.713	-6273237280.48429
"133"	-0.0124443558862577	0.623934656051969	-3.11641305511937	-6.77627375488164	3.20582550856192	6.56760800763684	-5.09830027649087e+20	-4.02735634730067e+21	331415697696663	16691651130207.1	922775791276.421	-26690834857492.2	9242229666314.75	1570067295632.15	272172194.947849	16621728161191.3	345823869962.251	55787487241.3459
"134"	0.805938597872142	-0.278774839148477	2.33616203161748	-3.91268155706976	0.804406896804772	5.78780271375272	-38085637989408866304	-8.75935940259649e+22	625742692505766	20850117473918.3	773451251908.126	-10708963794402.9	11382417891970.5	2641328786654.23	1966320100.46613	128053633070181	124974371975.622	122413156143.972
"135"	0.562150172204647	-0.216082152050585	5.03763013326788	-14.7689633805706	-22.2174988143724	28.1311900214213	3.40835994663202e+21	4.8308097443855e+22	820767206748075	36015338792326.1	568259833341.955	310913902589.57	16971534420076	1688498228542.69	1610235519.85862	106561700165490	71636200701.2024	59211521355.036
"136"	0.140008057731549	1.00974133472374	-1.09689060417222	-3.43190399363265	-5.75965719533484	16.1439067866368	8.70175942682013e+20	-2.38318728402478e+24	780222260013610	6849787201339.76	1727303788705.23	-4792636539777.98	13555167696920.3	2100417942949.98	166661568.248543	-94079705437707.2	32983341793.7321	66692664159.5994
"137"	0.875713890254831	2.10488316399023	0.537169774835339	-7.74586793632012	1258597071800937984	36980022718549254144	-1.59110263950146e+21	2.75815586177085e+24	1171403972429826	199976782136268	160377794586.255	10790678598611.3	23225682671972.4	2541929456803.96	24598510.1748133	26601024637049.2	495638936737.721	82287308817.7706
"138"	-0.116928566281155	0.348156542454948	0.759090892792559	-2.25075464867169	3859951547088790528	-1621348441182572544	5.42936026950088e+20	-2.03212706211294e+23	678000818086114	-8632334376602.87	2404435624842.02	1750311273546	11638905384934.5	495855464947.641	561036076.207666	28226162456572.3	556065971570.052	31893905505.1837
"139"	0.116923713090972	0.351096367454272	0.59573243858615	-2.01578084317499	-0.183812579452294	0.0986289770840983	-26062331626098368512	3.37354711009817e+20	-187576517182634	12604517396814.3	2188660669291.38	-444225555055.616	2032009684168.88	409680669701.012	291751533.516026	177661477620790	27780493622.3497	-6008520025.01402
"140"	-1.37993425006677	0.938814518088772	-8.51618870029339	-31.1629628204629	7.33524155616576	40.0050021240436	-1.24970496579194e+23	-2.5241632412144e+23	481726022721175	47066675343738.9	1322570395162.32	-13728879002.0091	9944892457190.24	2952957466749.25	1551918725.27455	68445339087935.8	706706971332.626	73878443473.0213
"141"	-0.0962713718108884	0.0119403041439341	10.5234916596972	-15.6591316399536	34.295021506767	31.0661789022132	2.34968381318989e+22	-9.46067339163088e+22	105701897598405	16749422001520.5	6435724490294.28	106800959478.709	5837831704555.91	2320030947646.53	2357711118.54612	228033866660209	872240857418.019	190358550490.735
"142"	-0.529055670442716	-0.804772940877802	0.112862902127995	-11.4939508915821	0.973651477431199	10.0232128240707	6.07610969069959e+21	-2.02564518790223e+22	972581300224485	84241701019150.5	169368687576.868	39132969072.5767	-894752875028.118	1873963826796.43	249044256.519475	26133191348818.2	56839355042.8128	31496867271.4262
"143"	-1.17656323994701	-3.78301060697371	2.68895422897605	-28.3419877389079	3.30562096942921	19.3025211068654	17689947253171376128	1.46548631781834e+23	853742717247081	71023461454981.2	130990016506.146	-4597286812202.38	21083200091207.7	3596334666680.61	2437166315.5329	20023385604926.2	197132676501.803	60787632900.4109
"144"	-0.127456295345276	0.0756182659183682	-3.14131927654146	-5.00480697897983	17.2443595090526	-35.242954612816	7.9825917505754e+21	-2.21871669563061e+22	481632144385398	72156952346769.2	116050003360.395	682221532224.758	9322373616130.13	366944385133.236	834202949.802106	11213806209478.7	115255190123.156	68301273685.4444
"145"	0.310640903696592	0.17371469038952	-20.0338569884155	-21.6144419064245	-15.3011359501527	71.1164650143665	-8.11669549862042e+20	-3.83450343935491e+21	523242905441156	62586291775447.3	1915413952631.77	313740132.152563	14842524079367.3	1873511430100.51	1524430828.3982	-600243995501706	-473717612312.411	-806891741036.727
"146"	0.151820354937674	-0.295374547701344	-0.737485575426662	-1.31797134013123	7.7219360185121	0.609060702848463	-49898547088793362432	-7.05568223602173e+22	327475609922454	14004342836.1579	14779175571216.1	-10666029593687.8	5670268121183.05	2344741654824.78	1290974602.39967	-47937702190462.2	56962922225.1013	162162659822.542
"147"	-0.0779490905482652	-2.45117339580425	-0.415426708458179	-0.0159157980373587	-35229187360034040	-471352697996659264	-70851148372876722176	3.98133518997197e+21	546932621642996	17369722239531.1	840248725223.138	5748092126444.15	14046702604022.4	3317005097160.89	780655925.739104	-60531852880805.9	162981815118.352	66323588216.3339
"148"	0.293065991280709	-0.679779763080994	-4.60711260266236	-1.00875362883016	-0.478097230386557	-12.3816839748503	1.41220737775704e+21	-5.82531421424537e+21	643436783168100	17538464116853.2	307325005459.466	-8276578808097.96	11129084089408.6	1128413226529.64	2227295920.39303	71932811920278.2	89675472111.912	63212125593.9742
"149"	0.348356416490745	-0.87977287062916	-5.16584342094052	-7.08192008555354	0.464458703149884	1.93499889115371	-23833778477248258048	1.45195412112621e+22	791323741038156	29344865810643.8	477193079781.076	-2672429045675.92	22115378047661.7	3371776948518.54	525070436.370999	58757617852415.8	106414691581.013	42038939166.0163
"150"	0.603130344497137	1.41488965939953	11.871833940149	-16.4036100287316	-32.9334833791666	-46.615479482733	7.41197877967454e+21	-4.79433859292823e+22	486398778044669	67369366263788.5	1673034059705.33	601641208443.536	13924227609895.4	2785444331579.39	246252587.973642	1141049166471582	223021522803.949	143758024299.018
"151"	0.215350636747315	-0.0253077302148192	-2.84356832355436	-4.10364094890571	8.09852884333586	-13.7563898699645	1.69702175803146e+21	-1.01061072252728e+22	322386249995210	44988518921851.1	4884188584880.7	3439824551999.1	10449485489141.5	1346890136426.91	1916389153.26805	62553148682177.8	124874623427.24	365432930591.148
"152"	0.49314259479287	-0.0539315251824601	5.97370146171072	-5.49142141432347	1.39542195303669	-1.88672923292045	52012570400202383360	-1.50408131035164e+22	635502241689131	-5906172542942.19	2930511384449.19	-3884339719929.06	11657831947576.5	2748433435155.65	203045112.807249	231992553050103	140829711153.71	51468290371.3698
"153"	0.599601586703252	-0.401909438980115	-5.89203452618536	-1.06935880928318	-1.85852203794547	-14.4630289848665	59990502558781292544	4.71680847007258e+22	1222018365138266	12797291505708.8	1785265694064.9	1858336945003.58	14123476617381	2711539904548.8	1193680797.46907	112552981189759	72482890990.3019	9717755174.68278
"154"	-1.31125546554579	-2.89573537187207	-2.03851190404586	-18.2147196862796	2.61148981077175	13.1491890828574	23697977314175557632	-1.12613699958002e+22	791404995975669	33575940391348.3	551004384642.511	-1735219269988.25	3528451040329.69	2402759106617.7	530245745.677706	-22507063388830.7	75504920615.3018	42373357938.638
"155"	-0.289017244624083	-2.03453358472821	-2.43091814195193	-9.07593247035435	0.854492710092626	10.9306486353377	2.16013131468396e+20	2.01681173527913e+22	457566937757605	29183310690006.6	755366724255.201	-11872805489180.6	10011788090902.1	3184860792991.06	1133143064.01056	104006633393748	94261754313.6194	113888281832.288
"156"	0.35923240866644	0.15576286855003	4.8832906339539	-12.1689323348003	-763491113626421888	13482989853594310656	-1.62954005186686e+20	-2.80572815694803e+23	345324005398920	52691780911307.8	160723748689.234	1747710795005.68	9839249784751.39	2183687180086.76	680550597.196485	6953718203051.31	-23329424432.4704	226058345199.038
"157"	0.00343027995301339	-0.158649863034474	1.50666616770064	-4.54430924330288	-0.457870746936567	1.66700314136675	28485217130593718272	-5.5593553005857e+20	1237868891827677	121418106380403	262333965329.075	-2007442493022.8	38635906384834.3	2900314405360.78	1698846226.13744	87930862186519.7	134158573030.516	38316286932.8208
"158"	0.471373210969382	0.815674727208332	-1.99528117639478	-4.2611716814597	5.37925117381507	-6.94078289280209	1.73909214611967e+20	8.2869105949943e+23	722301945583958	36205157997063.5	2147483715746.67	-2474546303647.66	3775207405345.68	-333013351806.351	525060659.13901	39624935229174.5	38505364451.2369	-11885136490.3862
"159"	0.392615814131539	-1.19753725014997	-2.69978869142596	-10.4032067720881	1.17241080210218	-1.15343871737735	-2.69181508495812e+21	3.51805480368666e+22	878061504371356	53906429578099.2	871317836966.533	-981790930085.303	30344518675574.1	2221461327841.23	574054890.131027	52027018452337.2	85228035984.3886	16343888921.705
"160"	-0.410190072737691	0.00251586485176601	-4.7188532266169	-12.6804647950005	-2.60960469016737	1.4087167689069	-1.0213329148409e+19	-4.05043463641855e+21	670218675536392	52034852446601.3	665551072825.349	-250016146634.678	16084942393626.1	4584480472215.73	1796850750.61173	141739351643102	-650184352456.171	227054512403.974
"161"	0.463476571716189	1.288323076092	-1.51426550761112	-2.13884816604999	1.00766091103557	4.03097965262843	-1.65373005643884e+20	-4.91994717213661e+21	1020861300389396	8710293654019	863841624286.678	-6216796598084.51	18881872216715.6	581496632782.432	78326812.6076996	73087123259587.8	25102475574.645	87417349320.6912
"162"	-0.303798781569666	0.355950213431548	1.4823650264445	-3.26292945859535	-9.01738803649003	11.2698094484876	-1.92234235168413e+22	3.39564846645764e+21	280194207925695	11688487619546.2	159471665838.791	-1006220294314.01	4844943304107.35	1886694482980.28	196974754.894824	51786272685705.6	42097946449.1706	64734693245.3446
"163"	-0.818266581785814	-2.19592311227274	8.39320369997372	-18.2125075153635	2.51456970543264	4.11703807526394	-3.87581971623484e+22	2.12308696037789e+23	959887376425804	64737991035667.8	934866507459.889	-584027610368.612	16821831500740.8	1763166447608.58	628735221.966097	40600542321786.7	36874965720.3417	52347722656.741
"164"	0.618398161412987	-0.177526389061843	1.60110070104895	-2.79584225793092	-4.27322528033209	-9.36349322572281	-4.87750676721416e+21	5.74626619662165e+22	356343973313337	50460800252970.1	471190371008.268	-170519249331.755	4468830832578.42	2060470759847.67	-183304640.000697	58773767300817.6	18386519464.9387	37798453390.2381
"165"	0.36882727165749	0.646634913564207	3.75965523647837	-4.5676245143371	4.73252855180715	4.69523570480965	-55582746360608555008	-3.9618710948967e+20	855003221226438	60434958673682	1798001877869.89	-3911519248635.1	14637110247745.2	2746115061139.06	427547298.03212	87884007610961.5	99554285085.3076	54037036530.932
"166"	-1.81240107847564e+20	-9121035019332797440	6.49718002850292	-6.13164286258851	5.34790048677042	-23.0449173269683	1.02234493112288e+22	-6.84611546947487e+23	743324131601604	65781968208081	847276265852.777	-1642544664735.59	16551909480694.5	162193308123.403	1084415107.11975	11356161667308.3	147652225850.486	11667260105.2876
"167"	-0.0332840116368582	0.00230917519938762	1.40259579187897	-0.737145374019082	2.21104719389367	-4.34798743452729	3.97943120101425e+20	1.18958750361558e+23	859505314587633	8949599910996.7	1726678419494	-2151822454117.31	16041236411835.3	1127861073651.14	1543010524.93069	27956411654895.9	71994016588.3094	67605512058.6965
"168"	-0.236866876802175	0.216578732034624	-8.55669886535605	-26.3083044998029	-1.02011129736392	32.9493143751931	-57228837961176645632	1.56853718837345e+23	137167402080185	43755108530211.2	1667341183375.99	-23237088238.4269	6514307816600.09	2229368670429.95	906542335.445258	123649144918761	306172268141.005	206817292330.469
"169"	0.0826342304188688	-0.000879158635955576	-5.32122565398191	-9.04799908986079	25.6382992516617	33.7277613655777	-8.20408866079537e+20	-7.26617285511189e+22	-141467069334706	7707958067563.11	922082790260.934	330665467594.064	3656878832741.41	1464097088019.56	527094030.486948	57137040539725.8	493033437347.567	156551961626.23
"170"	0.0914795285707982	0.119142146310276	18.6705595378635	-19.1022631467211	-0.174441349817213	-0.826745721984435	-5.06145292446142e+20	1.52899920684732e+22	122799546039738	24068443681979.7	1622297883823.86	-221930720059.121	6011890935761.27	-549641967609.838	1128911174.95642	78371993937393.6	-134935877086.677	-68449832304.4811
"171"	0.577731682996278	-0.818808186930675	9.95891362871397	-8.90553664626428	19.087724496073	-21.7529727011782	4.05172313101658e+22	-4.08116285126268e+23	1102657229401699	101505724149591	455636676143.734	-1810088621265.73	21645284946725.5	1480174576972.13	990806278.075248	30713427502264.8	82700855390.5492	23127805591.5506
"172"	1.69481052769255	2.69630596290316	-3.98168411866424	-9.91881956629903	-27.9035201577955	48.6345560888993	-4.2456884952212e+21	1.09794820602016e+23	1227056081428121	78447287871320.7	1628982166945.06	4724006735352.88	25160430812100.2	7234966500817.81	4032491598.86324	-250750579705882	151435894930.257	291628642915.441
"173"	1.50526632987144	0.104742626713597	-0.0985012402531915	-6.43493442710035	-13.7852237750116	7.62863478636793	-8.97591468932697e+20	2.35114569909919e+22	1066938733648034	32055211996490.4	605777952518.032	-353751218374.966	23938964992728.7	509973043717.707	833484654.526214	89771718941588.4	47562434488.9088	4502349268.20394
"174"	0.120835898372053	-1.45465337684417	-7.97099824160528	-2.3556336952096	11.6898879423487	-18.3153902408846	1.48642350200076e+21	-1.28429016510497e+23	1284847653200708	14699617150059.1	59451276773.5047	-157747674531.934	21387405791164.3	512930318341.849	-74969144.0143818	11075009381451.2	104318201625.474	825123371.634259
"175"	1.04161422792955	0.0867226020796469	7.59801651587221	-14.7912169748858	-24.9424486641159	-9.10428634150298	3.13661516445386e+21	-9.78893177432545e+22	665218897833484	63021965914890.7	975343038926.744	-237706395177.224	18868816629328	620935116707.782	111605518.389796	196549380873492	174109186624.13	76516817327.3285
"176"	-0.569649936482319	1.6844071472067	-8.5309827617106	-6.51255248117929	-4.76852799599881	-4.15631928589572	-1.31003704572947e+22	1.71988937453656e+22	691616188022944	9822964834954.29	868778195106.703	172793781851.51	6660288065472.37	1797730725501.07	1133151736.70398	74203866192387.5	46701890234.2237	-18260349170.6945
"177"	-0.515244680927372	-0.189400741371864	-4.3534651826968	-7.49152320053073	2.95529046917623	-2.76680585234083	1.18027366072143e+21	9.19164927181054e+22	482051019143824	638984432928.186	524607032547.551	-373291991257.135	12251278589945.2	384732488589.544	570844975.492182	30368707062936.7	55673659069.7646	2434660694.05131
"178"	0.475953538352778	0.477694695230868	0.418026769570164	-4.56881077521927	-10.6878682882996	27.2205731926481	5.68859054962214e+21	-4.95763590721476e+21	377365530892464	32789073040832.1	513558340865.418	-9580024327309.43	7008879043207.78	698514663189.23	632664826.364616	107375684111279	70155528382.4378	38032439471.8243
"179"	-0.30759390023854	-1.40640019983113	-3.23041350768702	-9.43328716170661	7.36316665527247	0.0313026606173396	1.27923298142293e+21	2.64997881565258e+22	506959828061342	4152976107264.77	2162837660633.96	395202411663.358	-1927319723075.14	1113588463566.54	-338582855.084348	44388283364463.4	238345451622.516	801793950608.367
"180"	0.401461825788434	-0.17718793266334	3.80521226186941	-3.58305924594361	-0.855325542703956	-1.4881662671209	-1.09518960099341e+21	2.98168527330296e+20	298702551837906	15756043595393.4	2020697322484.6	-709668130207.082	11830093301815.9	1564911035647.41	1426450046.5841	61767944051859.7	73546266847.2717	-4355265583.22816
"181"	-1.52747233582699	-2.52691737645473	1.86876323100748	-6.0831197670745	-0.0250586539284851	1.65946787640387	-9689287931972018176	3.83546694518057e+21	1319229423584978	134400932829960	370572939643.29	-1361027625641.6	29028829757483.5	5008294386901.85	1775374912.10348	97435133677496.7	39982478423.6285	26617524724.7474
"182"	0.369318666226503	-0.14307993090189	0.84086374782561	-8.54751507479356	1.3629956164606	-20.9163010850351	-5.63359898901621e+20	9.04499565010125e+21	1270959578526062	92711754948994.3	793505642568.104	1922096234853.1	12172062403668.6	1193252261392.31	1739928865.63277	63342477046781.9	82438181967.0703	48361264427.7072
"183"	0.337215346027092	-0.432163518823743	1.315494953804	-3.91970978735543	0.13746530701875	-0.959283600567281	5.66288895663107e+20	6.50034513452486e+21	663004092426572	20967271787213.2	2567625484112.55	-172864611283.365	21862900845982.9	578857661289.799	-151919728.337478	64413723304183.2	23923549254.8358	-8092948991.08363
"184"	-0.0404647714763205	0.532432053391532	0.613542984477852	-5.91533256570938	-6.4766225632648	0.898852394714534	-3.73050660788412e+20	-2.71838208256833e+22	365376739346259	111828258439748	346120027335.961	-18389882398153.9	10332091162613.6	3023514040655.84	1422345173.89472	175440763109612	180150719751.089	98613473651.1088
"185"	-1.25155461804083	1.19491321220957	-0.442575424499347	-0.426459523080852	531840126140281024	4104963560530648064	-5090498851326898176	2.95264358020587e+21	1078101255207914	12759559425924.8	474578091640.526	1394594140253.65	16418109571130.2	1084943232395.47	1122107303.43426	56095678766886.2	-38802576348.6331	55116536413.8044
"186"	0.202305251782563	0.31138923826087	-8.96732370742946	-5.06193738382218	3.91251232317811	0.800563595772218	-75535811493384192000	-3.71986936557796e+22	439979477104421	8428650981732.08	1181275627734.58	-17166717851602.6	7575762454870.51	-489410480585.255	434952546.314032	57905178991934.5	163091268854.312	69549101292.1704
"187"	0.350500295765682	-0.164780728412266	-0.0825746371837799	0.0820626736350222	-0.55084064349617	-3.63817066219791	27193371639438630912	2.61613443188859e+22	982542750534810	-12282577541258.7	2334920121140.34	-1534408932154.1	5646877794754.51	2115189812749.79	1016231098.18532	79981864268268.2	81049841083.3545	29531444042.2529
"188"	0.312316310527974	0.528982557504115	1.47230434593585	-4.25034852739871	8.8182133783864	-0.0848413967143784	1.96816692140331e+20	-3.61074061060137e+22	981972114964996	99861163899443.7	998914583429.6	-1637980416292.61	18250241096286.7	2564483264089.22	1563227450.99073	43775992690722.5	61583165775.828	27438542803.3735
"189"	1.28678457914086	0.636305970125871	3.96212857156624	-3.81624636868367	-79550939906505424	-1.11754121481805e+20	-26256189723231289344	2.65045103726106e+22	461016665776477	-4685062494844.91	2539390644352.22	1600002371614.39	6143603026199.25	1371595760317.98	657652662.233054	-5328803524483.34	1287609441892.75	61655647034.344
"190"	0.507413725200647	0.632400437277295	0.453058627170663	-0.902326180239731	-1.33690674061533	-5.29280169601852	29700895792795119616	1.9000762161335e+21	1171493914361040	-4312144838600.16	5877124195896.48	-2284715724436.91	16832783551283.2	-430509028862.088	-136490696.278162	92302473689447.7	26143276782.8796	37736074277.979
"191"	0.819679794851772	-1.31222948403238	-3.4132496446452	-5.44275215756653	15.4867496851665	0.677889504401377	-7.47295481431469e+20	6.06901361272246e+21	780788324185673	48716442431610.4	1009252912240.77	2714363709360.02	25893036948465.6	1134863551457.01	229056999.630185	69479495668736.3	59090327618.4849	237309688032.699
"192"	0.194648758154477	0.164256541959559	-1.5043009296338	-4.07325410968279	25.9938094454458	-64.5237097725099	1.01966416272799e+21	-2.50447636199768e+22	574784217501303	41093564616058.2	376688777847.566	1385264965932.72	16354096105239.7	1063912345285.45	598670965.190969	23441032658321.5	74883431419.4722	147297564244.926
"193"	0.110441702988685	0.505238130087997	-2.71901452286643	-22.2719822261996	2.97287066295049	-0.783846444220204	-2.79982344966346e+22	8.09750085547308e+23	338054003789903	25054260885966.9	991266236107.459	-323022805109.446	9336282409041.71	1660486059403.97	2790397158.28684	64719325420969.2	234465126767.585	-23763239885.351
"194"	0.877947933808005	-1.97350825699912	-8.73009831505814	-15.7159435063536	-2.52195619192622	-5.33779310604915	1.7867924298223e+21	4.56166495017149e+22	418054194471326	48734849040740	2380158325338.25	3682907430557.38	10763847868564.8	3239488359547.21	1183902326.52451	138523886851557	130951752681.628	93104176117.995
"195"	-0.498869980104852	-0.670181248359741	6.6755415517605	-15.5637685657681	-53.5559024564287	34.3345876849992	3.46668646036111e+20	1.50394016608562e+24	958256548331310	18730865042279.1	1838202174381.22	1746263832907.63	14844914252163.1	5286561620807.23	692635685.619568	-107698786989796	114335980103.602	131495827978.22
"196"	-0.0153802270879539	0.0442368688281735	-2.63673638758445	1.48260166449584	-13.9467305587898	5.0553112498793	12667741479118305280	-1.71615690372065e+23	-21239220824720.2	19548391284132.9	-11417375298.6527	-21051775845.9643	3643078541161.73	-327537949167.117	1411973076.52622	3419361312546.99	145970303824.023	36913116997.8105
"197"	-0.403951969057146	1.60652347367762	-2.43289240034236	-16.3518555209543	0.904353083332711	21.914402484126	4.43357862881363e+22	8.72472333165967e+22	914152714179716	12489522743297.2	1457102576815.62	195144423692.2	19626576638624.1	1800423024727.06	-462585171.215659	12635199728952.9	127650633648.023	71416194266.8631
"198"	0.150418544585081	0.739272992838767	-2.22502230313896	-1.42804416424227	-3.67630439582354	9.64904968987099	5.76313621500297e+20	-1.51783536204563e+22	762686456980068	11010185621390.9	2023652996897.33	-4176120666700.58	15726236491219.9	2486989635094.5	1713305164.13729	68537152537805	45609603765.2555	114776580086.812
"199"	-1.02206640611615	1.07362248661874	-3.8275518053859	-9.38445881228217	-1.81295383852425	0.790621271048844	-2.74065514365427e+21	1.07368711268497e+23	454670159545804	76499524393261	-5489704209.59946	61473731148.9877	7062235329285.61	203513845284.303	534994103.501251	8954982450902.73	4152999593.24734	-10546286363.8476
"200"	0.44872006947955	0.0337099437577226	-7.83486529073186	-14.0361261723093	1.79652219637314	7.48138835737708	-9.20397342926499e+20	-6.36431236445705e+22	465292653609324	42226578651262.8	34455495138.5363	25852109012629.3	16345961693468.6	795405006519.96	446299361.562507	7843060943519.37	113608868347.364	12668951260.8482
"201"	0.426498754521096	0.262014032228626	-4.48578555435349	-11.4926178428649	12.7373892401447	-17.5645890801412	-9.14329998456842e+20	-4.02340690381605e+22	562870631766357	40043525179257.9	1839088610072.11	1256999467585.09	16839655777975	1894877401258.53	2702573896.18608	89609108226298.3	308842557324.701	61605777616.6752
"202"	-0.527127982931095	0.905025459134232	-3.48337252905756	-1.33393738792489	2629272897816776704	-4790585077419714560	-1.01102967460881e+23	-1.19741918426095e+22	1087326843085725	32676331491685.6	985261410095.339	4161646102119.98	24886278242202.1	2650085931698.07	1029966089.00678	23529534330160	214454559781.442	85445974173.6415
"203"	0.00907891885932556	-0.168540715680568	-9.26946228931893	-14.5668093506752	-0.623692580047536	1.08894314808532	-46852422512535379968	7.40185311715702e+21	202531778222294	12819967779229.8	807196920719.256	4994720337629.55	6178619508068.85	422205384196.098	-317047341.478609	25044468462240.4	-29760410739.5878	211440284342.771
"204"	0.588697292903187	1.27631136147697	-0.860219663181326	-6.36082940131837	-4.39675948865776	5.01698323638664	-1.52371018778585e+21	-2.85931073634347e+23	709234103477902	14031873499069	5217845081914.14	-954144126722.787	14550795032899.1	4434489469274.67	1252288636.30618	172021081849432	4806090965.94825	64861344374.1883
"205"	0.227070066052163	-0.44802204575563	0.116382717436806	-5.71809184039368	8.70528768470534	4.4066973980203	49606332499941081088	8.3024194581509e+21	625122993972670	5665331133249.86	602203628410.614	-2809627555696.8	13603672615825.9	1091132481555.83	1045436602.24311	28219790923480.2	48520988720.5451	23273827997.3382
"206"	0.930340955145418	0.200880891131686	-4.75810379509294	-5.74126638558047	14.3667929444988	11.685695427196	-7.37847906750257e+21	2.12470136539545e+22	1055153276062370	7066312356372.32	343444330293.863	59543915770194.6	17103395389675.4	1610265168592.47	1392735670.22566	24563604455290.4	175831334061.299	136319217457.093
"207"	0.0910950899073257	-0.54127936634065	8.68446626394753	-7.34723305490047	18.3248536827366	32.5196296265881	-2.05458812204e+21	1.18197262713373e+22	417035436043015	47284136649659.9	2136272395857.3	2031071519054.2	4858784043223.71	3043813879609.69	1579132189.16558	83594533210164.9	203341585543.343	309643042695.578
"208"	1.54183716623849e+22	1571838108453635328	2.23432361536635	-7.75983301452338	1.61636231966208	-3.78398287102674	9.35305952347641e+20	9.29256969006248e+21	617408509066318	21550730908561.9	8901436615110.09	101970653754515	10125814842481.8	-539817379997.656	440859051.067406	265145364276542	94721699332.4115	-25989119590.4791
"209"	2.07444388128171	-0.663305584493605	12.0701641507037	-10.6578227668982	10.0655705501203	58.8636176389856	1.35010140358816e+21	-3.21803982491162e+21	956479278978031	79977048957818.6	541016863671.156	-12626332969887.6	17702318424753.9	3208310432739.62	998430953.358259	51000603808625.1	155746324929.414	37242521199.1127
"210"	0.109085398867438	1.07667250823083	1.59970562227089	-1.69988277173271	8.31127013573838	10.0172739772212	9.77593956311527e+20	3.6925089895809e+22	663930571769788	18244874898714.7	902709351102.688	-4263603324799.1	15915827232790.3	2029369111200.89	74187425.8127252	45734567565118.9	163248871550.816	98346736227.4269
"211"	-2.3009096118606e+21	1157453883202209024	7.90187506886781	-3.05075432239664	17.0899281345412	-22.1653398098278	-5.99010785736343e+23	6.17169042352709e+23	425818904640157	85592173285892.8	2038780528010.16	4328295564287.96	12350028359935.3	911755420189.841	1180726995.24338	76551311542682.4	357992675083.874	219022661945.184
"212"	-0.810881913616845	0.911840803473972	5.48830297573494	-6.09324454332793	-5.02952452009313	23.7891358092057	-9.24002971507207e+20	-1.9844625932248e+21	1060825005368447	233184604720615	366449601434.393	2986085070146.33	25299161595003.7	3466194733550.21	1319182401.95083	59069956321617.4	111134057474.79	146126057364.836
"213"	0.797103494136531	-1.56280242600535	-1.63300567540404	-2.09800494732305	0.3649855537808	1.74334200491892	-31384691731763810304	3.5377717753882e+23	1215785757290132	-12872809318248.4	2058756361316.68	-996028256441.229	10096983597878.6	1576914195610.04	54000349.3232415	119833988439892	52287902333.5985	37768335221.5594
"214"	0.666133084472602	1.34258476970661	0.0844940839428547	-10.3876327585049	9.72156723692185	-51.3407857711042	8.56814933964172e+20	-3.03727178434864e+22	847171178581570	11818599928387.1	1995769340868.84	-129239259742.043	23854572843556.6	1252016691293.96	1588496343.95594	73976231633887.2	87850422430.5595	67933282855.1905
"215"	3.3146665736562	2.85171255733162	4.48041371921346	-15.5944421266569	-12.4636468288322	44.3531374270769	1.35419241457079e+21	7.66564445547599e+23	784934436366728	40149718406140.2	1131193008857.82	9688596042474.56	6737218270760.77	4901041167096.11	351607040.463207	-782483868192305	62327058693.3147	8268409915.9349
"216"	0.0727694712659621	-0.258803055647301	-3.81587488074013	-3.01974662301901	-0.877699110356776	-35.3810725581059	59467024584945868800	-1.41962501314632e+23	1545320850824419	16560326462660.5	3320866522015.08	-5226203676457.37	26936315796294.7	2043096486766.73	1370593081.18955	86378152071554.4	53305749247.861	26913876468.5821
"217"	0.488216771972204	1.23040341683879	2.03662060838306	-5.18224782705919	-35.9883304070833	6.55530871089481	1.90212081360173e+21	-3.48212138610879e+22	758799521219257	-4456897878924.68	2800120653861.45	-12248062198274.7	18704899451506.5	3909485445777.02	568802477.288868	130254294160564	28923296754.0492	88222496671.1073
"218"	13022817157136209920	-209626615374483648	-1.57551113671385	-0.68818643266415	4.85050363462008	-13.6967552185061	-4.28948581746663e+20	-6.19522648178288e+21	178673172364260	16928439729159.6	202671563652677	-4041341100056.24	5451256833441.54	714565644920.031	913896781.736119	-3930639568683.98	99743203676.5641	20664596386.217
"219"	0.246997833540146	-0.267047689649517	1.41213301837422	-7.91206186331393	31.4456046022625	14.0330674204225	-1.45177153473132e+20	2.24541785594292e+22	728472525519615	32084439634576.9	2192253276046.43	4843693265350.72	3121119518464.46	1727911758849.07	1919589141.82661	32904235347467.9	578690745899.004	201958240053.606
"220"	0.342622756654955	-2.99890458423518	-5.29426091891263	-5.32977301010246	4.6792551959897	-0.76405607632804	-4.32112704215346e+20	5.75466666758542e+21	1162752046562156	-5236297833562.93	12959362113037.8	-1156895350292.98	7905056566349.21	3507480693313.17	855376682.784245	475389910002014	73595037401.3312	46064374621.933
"221"	0.433304101995798	-1.15948689949265	0.323400409382307	-1.27632462690015	-0.0610723776639652	0.277355031144806	-8021131826703108096	-2.66257456961531e+20	943165979225859	43710508573470.3	975227715657.619	-693288636531.435	28571843218042.6	2395424744731.83	1435396889.34636	-71716934424800	37495446942.2341	-4123366408.09424
"222"	-142506378795814192	24315859858624940	0.647345280774836	-1.04387382772477	-0.377156066652116	-1.48369733904505	-73093316246686687232	-9.6669112594336e+21	656436605932027	143346013387772	825539971803.59	-1065926776673.01	16773104656168.7	850328780788.502	317140475.340372	-105095660997610	40299508572.2673	49665466664.0963
"223"	-0.111653910128409	0.0343871048131768	-10.0310992104402	-5.50270981934714	-4.528662927393	-23.0409717650262	1.46488433683258e+21	8.87880193961105e+22	832872205690669	63276102334696.6	2064055823557.37	-766811050261.974	10268239621968.7	-609589527078.711	344534361.957016	20595744585147.6	69655814121.0009	65159057238.4871
"224"	-0.787994921775919	-0.895078559763276	3.44871538562941	-17.8875151619367	14.9927557967919	51.4209854193139	1.23717341085451e+21	-5.49184849983107e+22	650020656227808	33800781229975.5	1862876147081.66	1307640065931.59	18754821549189.8	5218652594809.05	1847582360.53144	200596650044340	673435764893.682	224180903543.127
"225"	1.4950274374819	-2.85203536426225	0.42890204497746	-7.69533025888808	2.13156540652998	6.25760484623881	-3.78237645080806e+21	2.23452144955349e+21	1127230058824016	35201919715920.2	1451564160208.03	2694456448075.86	20240063244248.3	3924529010795.94	1362558138.3947	139689237727816	215432500340.288	68491604022.5985
"226"	-0.231699196849249	1.49017732523179	-7.48994131469898	-13.7528203993838	-9.76314623051488	12.6090206199343	91033825719223418880	-1.06314756697663e+23	530305597798836	4252124373273.95	532218382180.283	431306288428.51	8339703940327.09	2655006279070.77	220730860.491178	63087429226796.2	184081988508.15	22711897784.5981
"227"	-0.0233469375007725	-1.20660645887255	-4.3765490858087	-5.79186101913863	35.0618081341208	6.60557018200277	2.01517993419223e+21	-6.48867243096331e+23	717120004654582	55146587619662.8	187148761157.126	-72831099450.505	17401755961828.5	667745878411.74	817507229.524484	11010404141070.7	82906648418.0798	36711626764.664
"228"	-0.133379558439883	3.29737259940882	0.574556137995189	-3.83222980786945	-1671241771978312192	8.7948984587641e+19	1.55280280598631e+21	6.57283319077553e+23	1322983221319010	150296982420169	255253559665.663	3034519633328.72	28882689258353.1	3253625709017.91	939971196.163395	634580741391296	120626862156.072	56331712260.7822
"229"	0.273278668417901	-0.0437930001317394	2.06481812772071	-2.31042378811418	0.23732855423634	-0.89061967589492	-7.64194350009986e+21	-58123807310733279232	419871928771878	18361505912957.9	694568231872.899	-832642504423.553	4517491126259.03	1313176666390.22	329097076.293712	83401937218425.5	51909317896.7424	12673825053.3481
"230"	0.274695803012321	-0.0579039837083435	1.78729801846146	-2.33751407843207	1.66788706350757	-15.1748000649996	-3.12813360702413e+20	-4.38616580285577e+22	405622034671834	31001964564656.8	817923480298.981	-1749637616076.7	15016086609526.1	790906995835.97	512171541.804645	69906162486457.9	28760557365.2963	49508055791.7753
"231"	1.1666539586713	0.664578396310864	-10.6533687774977	-22.7541859112354	1.17957520951897	7.00495356237115	-90179657339388919808	3.17795201690989e+21	1293892554707397	30822542642317.8	1662745984506.22	-151127808087.672	22909773840721.2	4314851989824.7	2279736199.31981	144272139934039	-643369368687.456	513941848009.166
"232"	0.222860253336755	0.957861950620343	-1.11506350183255	-3.71003372960382	11.9520387970536	11.6699829481242	3.85059762844826e+20	-1.81819205768902e+23	566939257569564	11049406461102.2	1231886949106.42	8765052246609.46	9798697209829.27	-316218886271.482	416382089.568057	11459415091742.8	22087036556.0887	59484545471.9081
"233"	-0.143764871611794	0.329395547125838	0.740740625333981	-2.8729720730606	0.513142293158233	1.14106947878505	1.00106289286414e+20	-3.2746590396237e+21	275146820258052	55594177524239.8	1388417111217.02	-903545000383.452	6005072869894.83	2263234109292.85	954109642.930452	73415183804527.5	22215292051.9814	-2361593774.01512
"234"	-1.03462839194131	1.60544635224986	1.99331396126487	-10.5762562417734	-8.38217617029022	-17.6788762397447	1.29349385301201e+20	5.00685739776483e+23	727377947459917	13520682693618.7	961242674877.512	2527670585682.76	16355324175319.2	2076364734140.48	2478327319.24682	118956011853512	177501929846.713	57812593326.3419
"235"	-1.32830417494636	-1.39486861825775	-8.29710716544168	-6.78347374038092	-9.58271021868718	2.83511823516477	-2.22363347791285e+20	3.90054425963839e+22	776864969656884	132926763245195	1143118485407.31	594093881390.517	21199937607997.1	4365510105081.96	927718683.533726	177306148392238	41384649190.1431	4784248509.83756
"236"	0.209638044226748	0.977289683443649	2.10844917715627	-3.5308829829527	-0.104575979237192	2.22983551714399	26629420977781723136	-8.51165349935133e+20	740778965470998	53344901489169.4	653466859235.319	-581351443587.592	19655144481251.7	1738628425618.84	1573844719.84364	50868016741560.3	43084755528.9738	7248769661.56849
"237"	0.948230213003592	-2.85253709068691	0.444513676241027	-6.18627011854376	3.11405733372361	15.8701966560663	4.02898663849329e+20	-6.33286565464698e+22	654289794997315	-5926862583015.89	2039517802895.39	-5516345230685.75	3128835962479.6	4190026614210.17	2084411305.41048	-29580304807104.8	61736653368.7833	83344911405.2177
"238"	0.391862273375924	0.108192075198415	0.00961619024015604	-1.03848831627657	2.58442060453081	-15.1297299498168	-1.06392943411716e+20	-1.88578412735315e+22	787727524258170	46810328328896.1	576173506428.973	-2100167414996.65	23279869040110.2	1895413322560.73	-103616632.894939	44851200640991.7	-18882625861.9152	67411894976.9095
"239"	0.234522746689131	-0.383345140397335	-7.12474118452304	-3.64905380239315	3.75386299655068	-1.81153148697142	30271701631414595584	-3.08832347802561e+22	781089693471371	15778338404967.4	1427937353647.14	-973798027347.74	16760250032955.5	528213068287.434	-453892068.707393	38057247769494.5	76332172576.5119	-22285010870.7339
"240"	0.26799995478326	-0.599877740074002	-1.20261192887883	-15.4939782752153	14.0470225743737	24.4859533055878	-1.53367299355567e+21	-1.24078445280675e+22	103542848610670	18234429490046.2	2982504996422.79	1732728215522.78	-1674327138091.96	2565824668210.79	1390468896.56818	230304212269855	404003316761.391	248642094658.316
"241"	6.11738334457122e+20	4847613173052290048	8.6723033754423	-9.38898503921826	13.0896379348652	-78.3179002351325	-1.2546779300499e+22	3.27973764037028e+25	133802693437081	27873681782864.9	8329035475363.45	-208340852722.525	2155686088178.28	-375004225930.853	533768812.872678	424534231970770	100479756592.793	114428143303.798
"242"	0.699648188253055	0.739098704823087	2.23676234214196	-3.12486461281546	9.45522550370862	-29.0780808415827	-2.56024930967692e+21	5.48621791138633e+22	949952418475825	8972080240826.19	2012468593777.67	1251863205034.04	8568196245534.62	1784746061622.3	2534138095.22782	-39876048972834.5	287484091560.929	122490085844.998
"243"	0.576093515631323	2.11489037155595	2.93308302471996	-6.37051541440861	-9.43774507877831	11.0288755460704	-1.38241976941695e+21	2.85007808253346e+23	718874602900017	42181888887768.8	228068882008.934	-14789427880000.9	11683547928976.8	2928715045660.17	1685789437.30065	54368274902090.3	92434819310.3791	58057495217.8836
"244"	1.291884574413	0.917840256813018	-3.8281127504253	-9.99609234634227	2.48393408933222	3.54066395502903	15469099911068399616	-4.18739799795617e+21	811815688999669	61252124709184.7	560955705914.521	-1921970521961.45	15872074074703.3	2281758122209.82	2681002265.74757	35684091371679.9	89413812987.9939	2319233409.01319
"245"	-0.476144063784444	-1.34146394433486	1.64046336078833	-8.03491397409346	1.0932169870164	-3.78186416740412	-2.08260730449765e+20	-5.60534790772407e+22	1146125663743574	37539878449489.8	2467629114504.55	-5916016274160.6	34393612216849.3	3430192088218.32	2216825395.64341	132778940059571	84309001777.0015	47577461033.3383
"246"	-0.778776081997189	0.0779469500714202	-28.110096390576	-24.9280898191493	309755643200860480	1.33510565901234e+20	5.75279404272102e+20	2.27512181711415e+23	459412924286233	13234587516546.2	548809094498.625	1927145308146.75	14209901927971.4	-110794920119.886	312568454.504695	26286664708571.5	791079489963.564	196426692300.937
"247"	0.178694517243624	-0.0104213557838182	1.08384001178697	-1.13303734207888	1.16427785754276	0.207949739650555	4.75639310987441e+20	-1.50017223386495e+20	624389166787924	22839597799751.8	2711232054522.11	-3508921745476.51	20784523815477.2	532676129365.87	426782569.160847	80674259202058.8	69099512965.4048	73042504722.612
"248"	-0.839734014283195	1.09222228969676	-0.657149137049508	-0.486178877027947	-0.310800259928319	-14.4864863158223	-2.800911005691e+19	1.73617938791328e+22	840450970634694	-13439867803081.5	12884572698906.8	7490988489523.71	7448348817267.74	-264477983613.308	1650570315.1816	-95604714740644.8	89076102921.2246	55481623957.1618
"249"	-1.018978760922	-1.33087541274833	-1.03296989727521	-0.790788856161963	1.01067541478423	-0.110641689960679	10864319472994942976	-1.20002895855155e+20	300930214372873	16068487019137.9	873781525402.204	-3537182664622.95	6708717596017.17	1366263139009.81	597144302.429476	48973520531877.9	115698636472.052	58472208956.2829
"250"	0.182782514426374	-0.152799846827928	-0.356951021884035	-3.18809644590314	10033065335594118	1563647454222407424	2.3628890123174e+23	-4.46817735548822e+22	1071989015845512	92262935545451.6	1219837671550.56	-46882698541488	21486446148329	1490946125227.87	1613616269.20682	298629328997021	265134878001.954	70704169485.0681
