"V1"	"V2"	"V3"	"V4"	"V5"
"1"	2331883990778446	4.1820268336045e+37	-3496199241260.61	32453.1948734465	6380647.6690611
"2"	-1283921047030251	2.92615824173953e+35	17637992532458.1	46658.811693668	5262462.17757892
"3"	-12518806422544072	-1.19817488221091e+36	24803103549208.6	219119.107252351	12335199.4606384
"4"	25868799786116328	-5.3185265523534e+35	7090897670685.2	-8815.39272953123	4683883.30623168
"5"	789220629158194	-1.843802219241e+36	-4696976412838.93	9861.81619277616	5880337.20541079
"6"	671180269343117	6.92139765707219e+36	16902439329698.9	61409.8799153476	2996330.07205656
"7"	23221112107907	6.08946542453906e+33	-6254288115910.38	1588.76552176623	1084255.56350734
"8"	-4405770044961338	-2.57556771624062e+35	4931828906919.54	21634.3133347994	7003116.80522748
"9"	-578834576823462	1.75126161593235e+35	749368069458.289	6928.50518321666	1486323.85119338
"10"	-8812571436081352	9.8631854017997e+35	2785368845334.57	-118396.375146192	10216069.6660425
"11"	5202702742786647	-4.9794433163121e+36	12070854318272.3	18398.8642334491	306093.619227769
"12"	5263505887415697	7.73054160580629e+36	14805267835588.2	19926.053893353	3606421.03443566
"13"	17659658890610310	6.21137381576168e+36	21440226324874.3	23247.0955632055	3547691.45194966
"14"	-4305417314766351	2.13153213199739e+37	4116615159454.65	36645.816422312	8827508.13347067
"15"	12312270912148546	5.3294957750043e+36	26115470527705.8	-150637.428554808	3592059.61998028
"16"	3436919633173692	-2.04761861507235e+36	19822710715262.3	45013.9227537235	2468664.41719078
"17"	522031094265625	2.19582309810863e+37	26305831880823.5	-75821.0931270669	11667449.5438292
"18"	-67135603380787.2	-1.31663474347036e+36	22792749701076.2	27346.3176314794	-920552.978586701
"19"	9430041379678120	3.91857867213037e+36	17649678052231.3	31637.3047014397	2136966.77838502
"20"	-17456102606972336	6.51378960001389e+36	11912421548440.5	239304.051733747	16332543.4675254
"21"	74215282553609.2	2.5994627901276e+35	5263365948066.53	2640.33062587358	-2289966.01186641
"22"	1477136189203443	-6.46929075816693e+36	18578119326015.2	114856.068378539	7839037.09028861
"23"	5488391038116216	1.05787902380643e+35	4342660965162.03	20169.4207101251	1586383.60279119
"24"	-321879789470365	-5.86310182192444e+33	-1291133865813.2	2289.33282925275	-448469.458013923
"25"	10656089249158188	-2.62411526797901e+37	33177356416652.2	66621.321823181	253193.865643393
"26"	-7518484137844600	-7.69694272257979e+35	15227192204375.8	96178.8608125631	9076950.79050834
"27"	-1052383163876462	1.33314038989303e+43	-552298389387.818	7497.81389154179	2917306.3357922
"28"	7697994101799285	-2.7926247258913e+36	634708753600.475	15660.3640633786	2917134.25998369
"29"	5266058418444098	3.06796785220172e+36	3629408997620.31	33689.2576149413	4439109.11706248
"30"	-6131573475666344	5.75760817266135e+36	19635616479267	52910.8047189308	7199440.0757773
"31"	2825101669967.25	3.04680061411971e+32	7442637241952.14	1580.37137084158	-2371748.23972273
"32"	3297366197186846	-1.05348205853121e+37	32820326223594.4	154260.45287433	8258897.88717578
"33"	2833332264793742	-3.1144962780463e+35	22896246453042.9	36083.1102341954	574775.525372925
"34"	-10170925176429.3	-7.39354559429412e+35	21150019055293.1	53296.4748949711	4293279.55194038
"35"	10693657973754360	5.59246534331555e+35	16138383638112.1	71269.6464738381	3438476.92337861
"36"	1210770986983743	8.23741680433066e+35	14778257781391.3	45024.8892071307	4923610.15289414
"37"	61336431236156.4	-2.71557376290099e+32	-7014457433511.72	611.619113397243	273928.095061147
"38"	5064641741812654	-3.87749188918058e+33	4821946310556.24	8996.13781472203	799988.887676969
"39"	3512741534122814	-1.89374311950575e+37	21487672154914.5	105178.901513992	4125702.29238523
"40"	-6779107462658027	7.12487774488252e+36	21650000632176.9	155636.354062487	7588633.31812268
"41"	5669701930905089	-4.53268841351016e+35	8517684864110.5	23300.4769162176	1657996.25979205
"42"	-362351081840778	-2.15117943912939e+36	-2594569154567.3	1902.15464038417	-851343.630090535
"43"	5760165403033776	1.13364960009344e+35	19249452488819.5	62971.8428695718	4055501.41753043
"44"	-2750571819155400	9.53469159139397e+35	9295267476166.33	13895.6065511274	365788.970208572
"45"	8063731433953529	1.10070191910263e+36	166443176437.37	27056.1880529287	4030617.47243797
"46"	-1324747505576253	1.53428243622387e+34	1003574575183.5	4616.26489190474	1083043.10685441
"47"	24709980269346724	-1.60989922848775e+39	22006995151586.7	-40800.3692676726	9634008.55047475
"48"	-4759809574633668608	-1.42037872138047e+35	-7751321051647.31	735.284226711078	1182883.53423875
"49"	1553947365771846	-1.02602351108841e+31	-6306331772234.79	568.649180762335	117914.570475004
"50"	720923516291074	-2.98283234122399e+36	4491248295065.01	16476.7891767448	1688189.93965786
"51"	40415289856961216	4.86987581673206e+35	15761674322460.2	187073.778269848	8574658.31862547
"52"	-1457570180275039	-1.22584018158337e+35	-3019279029672.96	4447.08576019756	2964588.26094396
"53"	1822975961021.4	-8.48518092944463e+32	-10249631715449.6	397.192103554181	1501062.94339182
"54"	-4626616735486865	1.33064182996292e+34	17133480015858.4	48801.6876063024	6068322.3097328
"55"	5469007464808592	-7.17665176117722e+36	43673825967127.9	-47081.4293616538	1563990.1327808
"56"	30402264301973376	1.6020218936462e+36	19798528330835.1	156617.651647227	7017596.30414527
"57"	1711033539997756	3.13269432407666e+36	13771357726637.6	63084.3802435895	2647830.65010229
"58"	15759569224666020	2.83984226721109e+37	21880732459325.4	175006.219022836	9865238.16081981
"59"	-1561901060851988	6.70657423277638e+34	25645905328687.5	20445.6808166747	-3639531.82605988
"60"	-36344294789601600	1.24600650471502e+37	22845384037887.3	21058.7857645801	9936842.08148697
"61"	-2803972437225243	4.79983082140418e+35	9688660637117.25	20840.5835464639	1853372.19362657
"62"	23917281139425448	1.31542104669229e+36	5276203920732.63	26183.3856473526	3532358.26689886
"63"	-1836768009311111	-4.73293515105035e+36	18295604858080.1	247943.464510181	13793137.2271538
"64"	12341010463542526	5.65490683683208e+36	13587049190938.7	89574.9198692799	6016734.35296624
"65"	5027095923363383	-3.01091806595299e+36	3437007106962.37	33921.9924985936	4146305.90472764
"66"	1266842254330530	6.14965902636446e+35	24576851195215.9	70560.7049173452	2415758.20325137
"67"	-785357008906066	6.11902947508154e+33	-2144823534571.18	5286.83379323757	2512401.11882487
"68"	1094985463986220	1.2169503231431e+36	-4922054298924.83	15910.4372339929	6204703.81152588
"69"	293292064375136	3.09601729121194e+35	-3737726892813.27	7589.1782482229	2838184.46373087
"70"	1729222485409.83	1.19521609087253e+34	-10640690255052.1	245.491264505337	1125937.15039706
"71"	2855795900555368	8.96360333482274e+33	3377350507613.72	40647.2237262679	6565077.46165078
"72"	-332150787118422	-1.44134850224219e+35	-1673906922752.39	3634.94852807006	1048377.65083078
"73"	52375003934300.7	-1.31621069404215e+42	-3037611341852.39	1109.93130710266	-450938.631200188
"74"	-3798268898400624	5.73462340048362e+35	5239249925482.82	22508.6403662941	6630893.53810324
"75"	44991674235194296	1.18825709157605e+32	-1929507885123.16	11870.7526909941	3189680.39510066
"76"	580185778370711	-7.41323981098062e+30	-4843093178333.23	1307.62944830941	358796.595508408
"77"	1101499634064712	1.2318242414283e+35	7809258602218.85	10821.9360179543	-200994.909165708
"78"	-6135456485862171	2.99064151991003e+35	17938195937421.2	69677.2272851136	6486090.81282884
"79"	-657690970035320	5.38536345412321e+33	12043524614122.8	4977.35377947922	-4248027.94076326
"80"	-73654963956250.3	-2.84799081888488e+33	-435412559934.627	5357.99561663825	838528.614674889
"81"	2651445664161351	2.82244957652324e+35	29407003121496.9	36571.3458578386	-392731.660273988
"82"	-3230802137214323	3.04418842446245e+36	18671566087879.2	32718.2148879598	2072597.83856947
"83"	-1147287315812878	-2.06795831281637e+36	31119672105198.7	70299.0713099732	3239253.67252613
"84"	-1608384482697519	-2.16826894028544e+36	21011486471835.7	114954.699246155	8626262.46321847
"85"	1121166784801397	3.22655481447847e+36	14131416047788.5	40915.2288138236	2929402.5609538
"86"	-810485946824918144	1.18956060941851e+36	-3952972989983.4	1616.8382331729	234332.68429735
"87"	-3520019063680694	-2.60048922516093e+37	15750666860314.2	51255.5796556346	5301530.77601843
"88"	9118565615952628	-7.80578470056604e+35	15600874378908.8	103594.917228138	5996260.62984898
"89"	-76411424121934.4	1.28283606835276e+37	21316784568823.8	420049.8825466	14875042.0114731
"90"	420114930491062	-1.12096789625423e+38	23023644154498.9	86440.1237209969	5708835.31748814
"91"	-1223313020770037	3.89587226459281e+35	3368992777754.49	9015.16559956712	760860.795887478
"92"	-1402085408452384	-7.52863931137102e+35	3492544139284.58	12971.8414581897	3455180.27717169
"93"	3438734287622142	3.19741479629179e+33	-6905061385249.01	1352.37824370295	1408048.08411971
"94"	-845251583614960	-1.77110506624729e+36	10049516844691.6	33061.5640907632	4525175.65624294
"95"	-2583363458511494	-1.07281344928088e+36	15978789379524.6	47552.3339229649	6604017.29614543
"96"	-4089712570370202	-6.89980783139735e+33	5308256797798.12	11729.1096815971	4309898.87585018
"97"	3446839952172773	1.32634757931286e+35	7468870280479.62	52580.6528674439	6040602.91135507
"98"	-1466049669995906	-5.94301992507594e+37	22948662667494.8	124056.558644735	9606302.14019625
"99"	-6572506149811510	6.15967117620408e+35	36507563232863.3	41270.8327919261	-1476198.62091305
"100"	3042332903040786	-5.87912368836515e+32	2232066355201.75	5675.37399634201	1062291.82810226
"101"	-2651564447028998	7.00368260253776e+36	11603039217627.8	26849.7271760372	1897803.53559365
"102"	28714815463454224	2.08841209557217e+35	6726662012454.58	78409.2040203349	4020975.54700062
"103"	4174322848701894	1.70946070429494e+42	1471195527509.5	5343.39056685606	501440.264283553
"104"	225157558000918	1.61541462823488e+32	-3028529134563.82	3297.68857293521	1438448.44480935
"105"	-1677814751585907	2.13089635185432e+37	9402320266580.78	19360.7700152694	1702026.98869773
"106"	-2260990481076922	4.69685378231117e+34	3117979513126.45	12499.9810666504	4121772.47282814
"107"	9435090353229606	-2.71297134030519e+36	6931628394306.34	128232.908377701	7327155.65201231
"108"	512890020973949	-4.03078635876717e+35	2105382259537.37	5545.40649269373	110228.825072484
"109"	-2740930353068724	8.83052243919434e+32	9092803442413.2	4402.16172986928	-2287596.52536301
"110"	2183172002303834	2.80969960496816e+35	439849297728.721	16683.5189455478	2405706.11902036
"111"	-3028483487817955	2.91642606010137e+35	11649538738927.8	64443.2269148896	6610575.0079443
"112"	-17068127515860598	-2.13542514716517e+37	39705140036735.8	-71624.232601874	11814339.5662754
"113"	12776225941611492	2.36264124795657e+36	81951175668306	-90092.6210066293	20346080.5399548
"114"	-669584049427708	6.14699880723102e+32	-7664759458001.4	722.306530703317	750475.576468249
"115"	7536436458621984	4.54095434133862e+37	67527109898909.3	-151484.046120764	-1516392.55296306
"116"	810495647167713	1.48562274004149e+35	-2019338472219.36	7997.6083247368	1859929.66014304
"117"	-1181176712977498	1.02515231085864e+34	887802606530.997	8167.55816089667	2477208.34245691
"118"	5158775151231212	-4.13787773739302e+35	17035296162928.9	58341.1324787991	4531496.16182358
"119"	-1170741015245010	6.38793788774625e+30	-11672879400567.3	793.992523836258	14465924.0866332
"120"	1773399771011005	-1.42018387360618e+33	-4523664617126.85	932.289793535233	58897.788957048
"121"	1238308424209701	-9.00651251137261e+35	3751110738034.35	28670.8382615436	3691506.67437367
"122"	7067215540977572	-2.99374309430474e+36	13011635989039.2	38276.7762377428	3463178.73323442
"123"	27436221669892980	-3.49734800142957e+35	13741666478461.7	212333.015303045	10146372.0160144
"124"	-47055937259023.2	1.01229921555482e+35	-329523812779.251	4704.82159789503	868583.215162016
"125"	-27347276314199	3.15662605325199e+36	430232584801.128	8158.51736762741	2104331.82922071
"126"	-19050468038195108	-4.58165620331561e+36	17380366019400.6	-67348.1799901997	8117984.27413243
"127"	-5152712584828852	4.1964394925092e+43	32550223198704.8	39303.498445311	-1324132.67144575
"128"	46115500730.4317	-2.39101595871644e+35	-10248419205013.3	72.4489886933361	208457.451646113
"129"	1489703819347456	3.71276527947795e+34	11460924585667.8	22826.1793582038	1789509.48964937
"130"	-4594931036196303	-8.36768237079512e+34	10795910701091	19240.9707866524	4517422.28644543
"131"	-1414063553683934	2.57251678945584e+33	-5651700026581.78	1730.08323144026	1331578.88259591
"132"	-563998733301294	2.08718529401228e+33	-3868028849003.77	2554.85034224018	1459924.69706252
"133"	-44198574190067488	-1.70975891671527e+32	-541572208117.947	5050.66578983648	4031611.53564994
"134"	-6183524768752102	4.75618407318653e+36	22707288154614.1	84106.3595957819	5555339.21527481
"135"	27061737861485564	1.03651622116483e+37	6941422138097.32	182432.948155746	11387465.3562194
"136"	19013307773385864	6.83234050756222e+37	29146620539971.6	243203.534050501	10899568.256362
"137"	-2343285054158858	-2.7251494937449e+36	21844898767844.3	39899.5091207805	2085653.21536601
"138"	11230089006577716	-2.17780809478079e+34	13558630538654.7	101696.174383531	9268859.23576139
"139"	-10879271082141938	-1.0330223333134e+35	7766316002238.22	64500.5155306213	14376219.6717327
"140"	8268028573500202	2.11500465738015e+36	24908095093392.5	114888.479818996	5937907.48931827
"141"	-6880749345743680	8.71290525832966e+35	17583173807476.9	34341.9284554658	1786492.05806385
"142"	153050321401.657	-3.29795699621733e+33	-11982142602389.7	58.5306475017093	526665.428599523
"143"	-8063709460717762	-1.66248006117584e+37	29283816177730.5	58912.2531419383	14399277.3714178
"144"	-320332100796246	-7.70405456994354e+31	-8062675794273.97	624.409620568263	847311.263697085
"145"	-28605657891703248	1.4891738752206e+36	13847418063427.2	90860.894343909	14108707.8391529
"146"	1288336121073694	-1.25417019372035e+36	5149435876743.69	34688.2164415739	4907824.58662681
"147"	15339945659770500	1.34291048721322e+36	24261317686145.8	74013.1103650676	3597332.84711059
"148"	-806007582511936	3.72861714045951e+35	4360814803657.14	10423.9590856274	1407821.03674669
"149"	-3290817045520034	-7.30566443224345e+32	2195483218937.06	3313.18551444462	-3855.2124731067
"150"	-19096749085613.1	-9.90710051284285e+34	-5425845854152.97	2602.50797365663	1881216.24438988
"151"	2965592081697895	-4.19803630415195e+35	19033370010266.6	39683.2431871863	3298768.10925979
"152"	6796327031880815	2.3781027982002e+37	19276200750802	117754.571004656	9724846.54675063
"153"	-22224738927935172	6.04184192692464e+37	31871610517186.3	18802.2926826765	3710358.54994151
"154"	155796474016138	5.42590005383439e+35	9516860390197.69	11850.2057101262	-958639.120011783
"155"	-966870561978356	-2.61327282236427e+35	20335985179016.4	12689.4673002117	-3002121.33701689
"156"	32068594482025452	-4.51814593277397e+32	161723183554.37	5279.22381633926	1366792.09863199
"157"	135716126887389	-1.60046089393013e+35	-3639308567453.51	4394.67020687459	1586726.68629494
"158"	-8672756545522319	-6.04828296671387e+36	14078807109651.4	61241.1746122667	8872019.32802204
"159"	796676265961220	-1.12698508271581e+35	862914386029.79	33236.5758725569	5641306.8351349
"160"	-8273596569575977	-1.66833256373028e+33	-16991062971.7457	5373.99602563187	2096131.0953951
"161"	-253590417422944	-3.37941888666922e+35	3444014143130.57	7517.19017606979	910877.805518725
"162"	637808617756110	1.78758948143957e+32	-5052800183770.14	1600.71729406489	606631.208858451
"163"	19482721520206332	5.75309048896434e+36	12146732090493.9	87812.2024418672	5949781.42186838
"164"	289851837204940	-8.66609087152721e+32	-164019420244.742	4582.83702907669	483300.765396707
"165"	8000052270931393	-2.19504154917155e+37	30474245529180.5	72932.8824298025	2001131.82239362
"166"	4019108858374200	-5.57686973995334e+35	691899658426.515	20716.5944638366	2657797.6499748
"167"	30001445185316448	4.52507071101674e+36	24224090481418.2	391345.584482734	16017856.3983458
"168"	-32465856552917520	-2.25933384515128e+36	25680439450037.8	206590.293279914	10747145.1685035
"169"	-1174256087275663	-2.40645217900861e+33	-3007894309182.76	7971.01914279109	5044212.00741781
"170"	-1661801128937728	9.12699604800313e+35	6754844975660.83	12253.7279123303	642858.070132331
"171"	-1617093250099084	-5.18077348484395e+33	5905470400509.17	13556.7390521921	2815827.51249133
"172"	2078484248144467	-1.63387000924521e+34	4016676052650.79	5202.82341482189	-516995.163218398
"173"	-7363298368285588	-6.0459222423714e+37	14190808798012.1	58072.5614617245	5466060.57836164
"174"	2516010067595282	2.9825417209555e+37	16132350775588.8	35718.2083789539	62098.0365566316
"175"	-12741410175553916	-3.58927614668765e+37	19315453922804.7	160930.214907051	16190976.5387316
"176"	553710883983061	9.55255437735875e+33	1433189250668.82	7604.79020246263	759979.9870431
"177"	-523694567813229	1.41237185321714e+34	1939380485403.98	9957.77898808663	2368965.47843116
"178"	39107700623004016	1.15976627599244e+37	25224387822259.5	207930.178560879	5044820.63626403
"179"	10626234589799348	-1.6063055382917e+37	23023908164913.6	83620.1263345632	2776687.4697461
"180"	2614164428177618	2.28811400805843e+36	17965642405111.2	19643.4849828735	-1000997.83351186
"181"	-6196194970577509	-1.87242630942934e+37	27461910469260.4	66808.6686877841	5776136.62728073
"182"	23121554800457336	1.64009010571582e+37	4498455518554.7	165107.872536236	7947767.01656494
"183"	13311901573928.3	-5.9436260304768e+31	-8221493973724.45	519.565135256988	707389.082296692
"184"	1120805690157892	1.60514499178382e+33	-8469383991603.99	572.0263004042	812345.998102269
"185"	-3884247310542204	-3.95390331607248e+35	12541430963334	96578.8592029917	9928051.21875488
"186"	-2137580009160076	2.63426602959278e+36	38502073166710.5	78904.0704982484	133725.683668384
"187"	320615665191600	-3.4006573399187e+34	955765026911.437	3802.06977752237	-140496.619713845
"188"	15034032512016274	-1.06094051445076e+36	15107293924970.6	46188.3577793538	2799460.57016917
"189"	3861754219653364	-1.4790426901078e+32	3767269370986.01	4563.28616299662	-326274.134604422
"190"	1416295281483940	-1.0892235058888e+32	-5066409410571.75	879.594741232236	-63602.4686002638
"191"	-3455870105746099	1.11248460756285e+36	16082427613556.1	35455.6260680103	1133831.33097306
"192"	3042222694465778	3.75082522077398e+32	-1741992409620.88	1812.45732969803	-136239.572318209
"193"	-1101290766634367	-6.12415118318804e+34	656588313427.151	3724.78248956813	136810.724599212
"194"	6545324445188327	1.05849283705611e+35	16354531780298.8	40419.3462174906	2742494.21133148
"195"	1228933648804071	-4.10699057661208e+35	563842045475.551	3583.05024264346	-39832.0367004582
"196"	-4801799267633758	-8.508459714865e+34	3653690740740.46	27180.9158543366	8650878.13785411
"197"	-125920112029617	-1.16583914373189e+34	-1504754520815.7	3556.29622776117	534526.997520667
"198"	5790515444134961	-4.22990652444637e+35	2514486824228.89	18477.7864989405	2573849.22533975
"199"	3239242200305836	1.69972560556675e+35	6114975741094.53	27368.8196527806	4815415.57836247
"200"	-2074289566838581	7.3144472960639e+34	10515447370990.6	11487.1175805733	509075.551879014
"201"	-297062538875675	-1.5342078108038e+35	7955218236577.77	5432.5249868995	-2327778.17864465
"202"	13773915309591908	-9.3582740257179e+35	15148598706063.2	88175.4273120852	6687110.80761114
"203"	-29147376816926656	-1.48664327320779e+38	11335644780783.7	173034.207419272	15047942.4807039
"204"	-43806237922788.6	-6.07815164117732e+32	-7509909667151.99	795.291474151951	985051.401767857
"205"	-5364199585015899	9.54888817402794e+36	28995666317703	178266.409090857	9561918.48992027
"206"	3011149142070218	-5.17630708548555e+33	5378209239640.7	12003.1947937885	2117753.67203119
"207"	277425234784756	1.66193369619955e+33	-367238570365.511	2903.96972603491	-129013.404818853
"208"	-12819889020353342	1.10224092410503e+35	13943903595801.3	88643.8175106964	12024678.6593859
"209"	6706400592108402	2.92831249034467e+35	21084866054117.3	58582.9419683345	2789717.48760921
"210"	1112768491786100	-3.27166734757749e+33	-3269451316963.76	5291.02491259016	2184735.66644951
"211"	-416690449116978	-1.3614051487258e+36	10164769724818.5	12560.3495511208	1284182.99027345
"212"	11166547034451524	-1.79886981429762e+35	7140443344879.2	15028.5686626862	2078787.30134099
"213"	-4128597718620378	-1.53932659179939e+37	14725428246245	111990.0465291	9501346.73226104
"214"	635956984968869	1.7111349079257e+34	-2995818725215.74	3712.89985232965	1006194.67376475
"215"	-1479929504638045	3.27079542756028e+44	2297272787070.15	26266.4868418826	6450069.90699116
"216"	-4095428316929430	1.02010249442698e+38	37031257250095.1	859376.177779454	22720303.3504359
"217"	-11780450812453108	2.98111108083379e+36	27939402823218.9	112717.951008253	7168199.2573478
"218"	-841948580870920	-3.04131102862045e+36	39412712682086.1	-125330.751232302	936114.151101147
"219"	-949822707709761	-4.96673883178898e+35	2673819453792.64	-120665.002025311	9096014.72153035
"220"	4586680424685168	-4.37114697304054e+34	15576676654311.6	17044.4783567532	-499251.137476914
"221"	-1061805880324315	-1.78443067032306e+32	2911388928145.46	7888.0498840883	1253231.81234628
"222"	-3887063557086611	-1.37528513801425e+37	14923657853968.2	17768.9503549514	2191975.59351618
"223"	630196175078482	1.49885146997454e+35	-5899018296531.25	3619.73750241364	1752413.85084322
"224"	-68608328124880976	3.89307665895048e+32	-876054315620.82	1510.98714168357	-1014053.17909732
"225"	-2840620229820116	2.78935867522648e+36	8006073358155.77	19636.2756271856	3111942.65481408
"226"	-597479582348787	7.950987455314e+32	1249255269534.15	2977.47740450277	-780415.345610851
"227"	-6615355404563699	1.19337837322717e+36	28424677970004.4	47516.8361429892	171889.603173733
"228"	6809653339489593	-6.92045230386375e+36	9293392795579.76	67290.8018914416	4504998.9168032
"229"	-1347103335984494	2.6061471647982e+35	33486856023778.1	30157.1592950515	-3820686.07916068
"230"	35409386740491552	-1.10297816125415e+32	-6530469478426.3	975.391322880246	562966.943772623
"231"	-7640572098848739	2.01250097520617e+36	20738605983288.4	86771.0849928624	7887531.55815772
"232"	3289056524329522	-4.64729466833862e+33	-5853230416584.44	1530.92345095692	642933.606992604
"233"	-19688072852672604	1.11751633574626e+36	6719279483147.23	119512.003704979	15338508.2917413
"234"	57678141395537720	1.35899224910589e+36	9430261944776.97	113717.879066898	5682631.07788697
"235"	-1773923570532538	-1.72884318849782e+37	24704330858156.8	7622.70866503894	15755286.5885869
"236"	-1517838702496050	4.28375852389853e+34	-3946230626145.36	5920.42640850217	6415799.42725106
"237"	-6892383896847914	6.70428377833318e+33	9365912463048.69	18432.0076322007	5210155.93351677
"238"	-6281587041644422	-1.0311610730517e+36	22668306671436.4	82369.639611437	7786790.79109503
"239"	2366931107621742	1.98274374665966e+37	86761563036827.8	-103462.343014344	15738534.6350105
"240"	-10160682709976324	-5.52939153403381e+34	16611658859195.5	104748.554268625	8030672.26027841
"241"	1161407214359899	1.79174333344706e+36	17015461032988.3	61828.5240302434	7064417.54615119
"242"	-3496749027472.85	1.83894386240879e+34	-10127512980998.3	206.726958232756	537875.269011056
"243"	6893125062053940224	3.35279610227179e+33	1231489402712.16	9400.77951234162	1292418.3461209
"244"	-338695007105145	-3.63282014401344e+35	-392674896975.684	7660.58065791578	2284591.5697478
"245"	9275271364334014	-1.18834173816417e+37	21008704744125.4	236634.933483456	12965085.1627968
"246"	-3982215933219042	-4.36137373274788e+36	27489503935408.8	41307.9982626561	-884392.735731088
"247"	42740339537182408	1.26669950266484e+36	15440012523228.2	255733.092783412	8831697.5342097
"248"	-15613612563781718	1.66784854820936e+38	24831273411008.1	112806.218975433	10638165.2208321
"249"	-12064484075136202	-2.00548849407376e+36	-200474015458.482	95303.7511958194	18394768.9081541
"250"	-590041322402352	1.21144286519225e+36	8001020158322.74	1399.2546103405	-7379470.93240605
