"V1"	"V2"	"V3"	"V4"	"V5"	"V6"	"V7"	"V8"	"V9"	"V10"	"V11"	"V12"	"V13"	"V14"
"1"	0.0311958630241459	0.00610963492456492	0.500051366846584	1.25606277165273e+20	1402325459.7626	892880761.398813	299719630.522553	125556505.97298	-102444.571444333	1487913.34576743	-6139051.32541968	2127669.54724301	-334481.537297344	268498965.673415
"2"	-0.00398839260836263	0.0382381067592798	-0.0282185785625292	-1.77003806198013e+20	198446583.147037	561652117.624908	-85727468.932944	582413642.487901	-146920.679044284	106770.855262471	-2473711.64299055	1362409.51703352	1595181.79258141	103592537.818339
"3"	0.00371282909604603	-0.0152312143486858	0.364309892623315	-1.41038495268004e+21	3400050565.50249	3001199702.83501	-12721405.8272093	952335455.59516	22250.1880469289	-669357.631259207	-3603161.26081919	-1222988.73556299	2585709.2910179	375796540.505634
"4"	-0.0775114599273977	-0.0177007232652704	-0.114736647561645	-1.8995020507157e+20	641592004.321403	-12471512.0501266	139058469.342643	290547764.755921	-195778.51890221	-244328.714885242	-531887.569352672	647197.540796854	193020.056370271	-54202349.6674776
"5"	0.0185475445140865	0.00649981539802855	-0.0812288665773084	1.18035353547893e+21	1488848755.42882	850818018.364836	57114526.452578	490832268.527079	-289050.390395242	-534482.894943429	1839819.30780386	861719.833133084	405359.971129983	242134949.150151
"6"	-0.110365432730933	-0.016561706673995	1.22940169565566	-7.00130454556523e+24	3280847686.02821	308875909.093741	3437890.1829984	-56217391.9200533	-308515.407348373	-76233.4741614495	-3946533.34601677	536737.685872694	324064.210181495	1746208612.5468
"7"	0.129607774952738	0.0447850894388485	0.125923147483103	-3.5684986031295e+21	3696971830.10945	-54125662.5249232	-66842272.476738	213916835.517344	-194620.297596826	-639796.360909615	2300562.02203896	818620.641961902	-189294.704759524	169382797.977019
"8"	-0.336541693733273	-0.0887861505400172	0.0367295363269477	2.92217853844497e+20	2584951424.32457	182862252.408948	-276070.226539698	252885055.885971	-160330.935722409	-290025.858979229	-598370.558005298	267867.542122077	724016.711737933	902117425.884457
"9"	0.154231847591803	-0.0044227476928746	2.12838148870685	9.55821804661336e+20	2572260194.36421	172305938.113807	49809358.3722494	-46389311.2950778	-241488.038823869	274098.498583774	-1289550.07754145	269933.095933764	1194393.90033181	-5900235169.90771
"10"	0.0396438825917962	0.0456574853412703	-0.244630602290298	-1.41535491260868e+20	2530621256.5369	-42221932.1391179	65835328.910408	426892842.387838	-188757.444739954	700648.400665989	-5714782.80000594	-223570.188016779	2092041.12333617	254672748.721477
"11"	0.0664862566481435	0.0342639453940306	-0.10307525475524	3.23932010035159e+21	1212906045.38083	153010638.620955	-119358046.743074	654273204.686857	-247762.06890866	-511145.22307816	4362056.77563136	3318745.24363991	171213.772435773	110237531.190206
"12"	0.0950288504912442	0.000384669332136789	-0.309513420224742	-1.8129364938882e+19	2359388509.30296	-15978727.9737685	60632914.4945213	651842420.072708	-191885.943485606	474462.032189993	-5943620.75099262	-193671.451197289	1563121.47972395	148513167.411524
"13"	0.0294122756358785	0.0374427318069024	-0.121924783846497	4.47860405452142e+20	-342702955.371755	1094147895.00837	-21105349.6987777	100100759.308219	-203048.654930986	-112937.249289331	-2318599.7290028	-543428.619337716	512309.674663561	327523771.855749
"14"	-0.0739379426249162	-0.00083471211632537	0.000694959597345448	-4.2035530338319e+21	1323664493.78836	264705372.603978	-1461298107.19808	-623289437.615976	-128528.084345451	8307.43050366445	-2667525.68509415	-283721.975047687	2878324.58649966	150341800.014279
"15"	0.0256611427915449	-0.00824156318996369	0.239238316076755	7.33123763252559e+22	842262462.171817	410147810.714825	-112718298.397823	39905004.9484797	-285450.706235917	4731.9901498956	-3633337.5385647	4142291.24374973	-957560.388159423	181542286.720151
"16"	-0.0398709744849369	0.0166395195807271	0.482458732781416	-2.253703188844e+23	2224795022.39187	3037253501.73489	13722665.6737016	191998746.115051	-49417.7530066054	1185888.57635603	-6557470.80338618	1867183.96402507	-1053026.42039837	278059874.245226
"17"	0.098908674161196	0.0589061860562207	-0.265348299057826	-2.8934801068502e+21	2970036164.90772	253936443.529356	13426759.7526254	-57379363.8630301	-229154.322975056	-47469.5021331052	-4435651.74092812	1042652.48990748	82855.0958150058	585795204.059991
"18"	-0.0350445121773831	0.0162705847076546	0.303216683014368	3.37740309863304e+20	-1043259170.05078	255526368.203121	50592559.9697646	81761010.2468069	-134157.512269218	-73295.9646863419	-1208813.56589682	-1487453.7623691	2234901.33795404	447352326.305869
"19"	0.0260137517582852	0.0131743746748064	-1.78251830831574	-3.2289390697796e+22	275091923.878858	1946912965.20753	-952314170.110366	-35275447.9049903	-206123.930500713	-242594.540670235	-2148066.10229224	1965088.87627336	814700.266673713	481492093.784529
"20"	0.15480650479913	-0.0456650048802082	-0.739498195711264	3.00945317103036e+23	3594599611.03002	552577292.530278	-6594757.34074751	170725154.498547	-300996.063102295	181975.337491803	-669938.314942545	466418.458904054	1764482.19828767	386751639.518674
"21"	-0.00832070195635906	0.0292165070170412	0.760378879115093	7.36634227103816e+23	1978969941.51121	279790.567467033	-2320941.14692279	-40876595.2835429	-223512.397478273	184013.971390046	-3787315.32345254	46466.6986179962	697373.7729683	722866790.1148
"22"	-0.00774087100311352	0.00335788081202866	-0.213205718288653	-1.60468529474352e+22	3227355537.84164	1770579285.36526	47190715.1445296	-51159354.343555	118479.085372152	1101466.13526949	-7721655.08260506	1093245.03500888	-464837.083997981	925152924.305663
"23"	-0.0357881049608416	0.00248165760142373	-0.207601474297537	2.3282266761052e+22	2100784558.65431	1271525539.78879	17121453.5959638	490877890.082308	-198798.823736468	-314395.617103538	-3297596.82599938	9606859.24628836	-1384263.66841032	81467743.4994577
"24"	-0.0792935645956209	-0.00958143527493519	-1.14354144557025	-2.48046247115191e+21	2947961634.23076	237904079.19644	929615751.881031	118843609.388631	-210747.84423411	-416630.969932844	-3926378.98052571	-377903.175855489	1182509.71524848	262366345.191605
"25"	-0.0435802466620994	-0.0215923276943185	-0.00261397912195265	43438853530306322432	2350579166.68194	141106278.646316	59365562.2307435	424682246.86881	-174998.946629506	-224048.791419373	-1707124.36380331	651398.158825442	489101.745594984	206576402.192024
"26"	0.113636162850554	-0.0032620785970709	-0.0802433522959279	2.95598865441884e+20	502065940.909764	224618566.69744	-95751133.449941	422350124.054799	-239509.816132985	-40718.9642599826	175239.000780836	-390754.244371995	888260.304304026	88645318.2179486
"27"	0.0338952427152953	0.0700101482545325	-0.737739651563626	1.43058892025253e+20	1941038928.81603	503931638.973202	-229829494.263427	-34704614.8985853	-152143.810500668	-81645.3399727577	-1862865.03597713	-118982.021689161	1019829.25695042	1427698878.69357
"28"	-0.0511634135536753	0.0397731041507366	-0.989769966216763	5.29727405499052e+21	849662884.483536	830861869.221347	72874805.9107263	-32383238.5237139	-307458.304009559	614993.39385739	-3332077.29041699	817450.133292606	81208.9206651598	-381513889.082363
"29"	-0.0932560509763844	-0.0119552055483575	-0.0438175104624023	-3.2911320912929e+20	4848100782.97287	118361627.842329	29208146.0738309	530535751.463811	-212885.918336423	-248562.529016816	430841.25823538	362442.477683072	738898.735194154	182390557.789688
"30"	-0.0623799329374143	0.0331821147858176	-0.0357468044209586	4.92592004608178e+20	464999982.610307	471196487.872201	-143352832.265838	172746018.368839	-213713.580044298	-296868.586057918	-223745.548770871	1771287.34789474	-1242860.95621747	7490241.49869416
"31"	-0.00581168206587193	0.00165413142101466	0.402984547140798	-5.00987579507494e+21	38673794.1115444	2175289795.12873	-147284877619.07	-49853694.6244227	-20680.1145473176	-238851.418093611	-3276573.26015787	-2340019.02422472	4603328.65882138	888847928.756419
"32"	-0.0238821528703898	0.00917382795416949	0.450738867841695	-4.63275282670159e+20	2818869155.75478	-118238621.645532	115249922.508151	293258559.311693	-129088.145500105	1711611.58594538	-6274044.94748169	248288.576264887	279523.958030861	319397937.96551
"33"	0.0651050188478235	-0.0041725300998273	0.408610999072889	5.98641819743513e+22	3132541885.20782	1120563892.96969	30923285.7861329	-9269856835.68859	-56713.1964172291	962495.925206611	-6496007.88773119	971045.449969861	893740.860211583	144872533.575141
"34"	-0.157411391692125	-0.0248346078971602	-0.182123543656196	2.52511321129014e+23	4106407407.96825	2699130442.36747	-9219965.45581843	-358282072.011769	668130.309656786	-1258718.73627364	-3335706.5337334	-879845.744682701	182618.680031354	229073404.973097
"35"	0.0521977844589587	0.00891116040055545	0.227835290822914	7.67561316669551e+20	1421966752.92025	1162717408.7676	693275269.270261	457115627.101094	-206781.283581636	315432.755668974	-4364322.87929561	214708.810951667	1412887.19521228	202206085.212317
"36"	0.0510483222532237	0.02138452602567	-0.580184272485238	-7.93282266296543e+22	6266273481.29705	1262477872.71025	-6775451.27479917	-36289009.1652917	-376162.624376907	469568.020582374	-990250.334799287	801347.250221674	1361281.82632305	745222525.052226
"37"	-0.0362173732145241	-0.037782803768977	0.432905504392691	2.26077031845394e+22	2017525530.71985	556942088.707213	64229991.0226823	220716492.605307	-299522.856564331	-305377.521398586	-3907327.2155964	-384274.767144837	1340123.51165884	270851077.604635
"38"	0.0776890100498885	0.0294300594141439	-0.11951326197151	-5.69007648590505e+21	181853690.670423	121194557.387683	-2806640.25561102	139064619.71044	-154870.962691802	271341.170304309	-3796553.75419717	211852.7636585	649026.235374375	384154623.44298
"39"	0.0447964663312053	0.0430164008786534	0.420080683083539	-6.81110962382222e+21	1299333457.6662	551964448.032896	2259388.43826137	-40070689295.0832	-206313.170442175	610115.523132902	-4361447.472623	688283.367766355	1088426.67554391	263272030.062384
"40"	0.0094667274020053	0.0542599005005749	-0.010030423424575	9.12995954440719e+20	2011990775.92655	136574207.256349	585508372.750764	2110328044.5046	-270387.766388214	-484488.831741838	2175270.53471999	68646.6498652114	1313126.35778241	134937083.81482
"41"	0.0373296466375473	0.0161792543594198	-0.304034423812061	-5.51262368452135e+23	5053424453.11287	3510337532.96761	-3756558.85812223	63039505.7274856	370369.871695768	18364826.2503622	-2533533.20805174	-482510.681078077	1478793.44950031	315452774.897534
"42"	-0.0176383035123709	0.0463538415753762	0.0778453859064204	-41010432697213214720	243552504.699063	291387444.037329	-258682.654853618	437096430.73511	-172943.338132123	549005.11970555	-4059693.01351785	395411.626597828	1573696.49480909	209027064.777673
"43"	0.0852987768271977	-0.00827734153590571	0.207998718184076	-2.47983642761042e+21	4834501741.00998	4064928143.42885	-7934949.68502205	349372799.781035	160524.962217244	9097070.29897422	-8915928.86789045	2149164.37916678	1016704.96055825	282785450.480348
"44"	0.0355600466546277	0.0422320068672192	-0.161436912769324	3.41807647285337e+20	779142822.138579	368763078.536867	-72430029.0477597	2332440912.16935	-160033.417494118	-391042.038024129	867244.090881943	20253.863478114	1992615.14002764	92843691.7355911
"45"	0.122578130576036	-0.00367227882798918	0.122158505688137	3.08300235044584e+21	-470971937.745335	622705826.468813	-6968753.87005891	340925949.170086	-165398.363549645	104099.051875739	-2627750.13497095	611655.803430901	887326.966207049	182019168.973909
"46"	-0.0751638318003555	-0.0493025201857572	-0.337290158762916	4.36858995290641e+21	4031502030.58568	192604190.433594	-32215.1672455042	500357830.024189	-168184.781518398	-1041058.47403443	2049494.62979404	-146199.885764754	886265.406791981	227732587.9361
"47"	0.0514073842500172	0.0103102338146331	0.0676971127867178	5.58260823539159e+20	5893588821.01607	374279898.606956	3271430.1432488	449975644.490311	-453034.375508581	-1010236.37614013	1534052.02620114	-141778.074692797	163666.672952957	174106776.228391
"48"	-0.010190273214078	-0.0127028799604101	-1.02842145309472	-8.14588112400148e+20	3006267338.67188	-75184077.0018738	-516722908.430016	117386491.7502	-64666.6733571448	-29724.0433084846	-83499.7049413988	2120244.01378848	173897.60322005	109779872.524903
"49"	-0.108836857200714	-0.0243118735428892	1.34541115587614	7.45280846015059e+21	1124183872.49003	-88482890.0979655	29246315.7333902	27691596.2552475	-139101.230606173	-223586.976305074	-1700025.36936805	-242257.273938554	973477.853594548	530061085.723427
"50"	0.0516740132773217	0.0170324910443767	0.0273499737725197	1.65623828033799e+21	24342333.9246224	419304026.972977	-5888548.17145305	1149941846.97971	-210608.670093442	-375981.824694969	-601154.182102305	-10109.2723888418	1125374.78151257	229824111.350835
"51"	-0.0226280843755972	-0.0353420528666771	-1.93344437001923	1.32377153712888e+22	1964155213.77608	586821465.551273	-936745869.188272	-48423366.8162922	-290137.020291695	-759623.282042641	808528.76531003	-873081.596117253	2144301.18393159	-805019869.845817
"52"	0.00873198288612968	-0.0238665043905996	-0.0443123635160615	-1.92140610358182e+21	4158005871.8888	1630998426.03313	20626010.7632116	406952072.73586	-8193.28100469602	647674.102027077	-383022.398665043	1773886.74911889	705428.965006492	75222453.8040436
"53"	0.0353780821374591	-0.00913565861716811	-0.00676425261284239	-17129019517255174144	190551380.864542	282994812.744953	-69168606.4430811	468529043.368561	-206605.123780262	21762.8348386094	-1929559.21765295	2798567.11523208	423679.735368039	175330112.661612
"54"	0.0312679437186961	0.0608052674176328	-0.777408752264787	-4.30323488228308e+20	1134338352.92125	519866537.649969	691645868.80645	-28649452.8737883	-159053.598314082	140344.958626828	-4531226.50670486	-848830.905273217	1804237.75445332	689813755.292513
"55"	0.0111402495153773	0.0449235481123099	-0.328180716110044	-1.35131728352254e+24	1767887967.28942	2287794321.96087	14975909.6834568	135973815.756023	126940.088964201	-856879.58000902	4184684.32737247	-1520449.84682912	7060631.47517449	232671425.278407
"56"	0.0621886303068404	0.0592256537630162	-0.118469990663537	1.96753079987944e+20	1466306009.48465	1937902798.79136	1248466.47347827	537671841.978811	-6476.43752732959	-436779.302399152	-3461553.073575	2677534.1290738	-884521.57104282	138034944.364893
"57"	-0.194688701698916	-0.0458641154048801	0.734215769829423	4.1885428944587e+22	6522526120.38137	266674661.715113	41759551.3939152	393142486.921827	91757.4318004481	1143369.46709311	-912061.347548443	1604427.08427292	20906.4606816894	309495048.293299
"58"	0.0647273281060488	0.00105241464678871	-1.8328950000428	-2.24443995565141e+22	2796400660.51832	3765368197.53603	-89526803.4001824	-7102856.21777365	57356.4290862589	-624734.791508512	-3122007.27508597	-2425773.51302757	2202133.8420918	423051275.861064
"59"	-0.0416084461278489	0.0524604879316589	0.102437576981084	1.42297108428964e+23	-565729761.46561	580045700.258989	-445633653.253855	-32287053.5381492	-118526.661698544	100909.091967178	-2846680.80125563	1312535.65580623	1256668.68266673	339649851.705144
"60"	0.0682360138414715	-0.0115672151295705	0.130994116938192	-3.14576170482601e+20	1671332707.54827	130958572.103124	-96354334.6980403	374087134.068435	-251674.21914266	-412164.345205441	1005224.96057837	204681.013573584	532652.563739383	222118714.879043
"61"	-0.02457843674609	-0.00228987393585362	-0.0298611296267295	-2.02487450759416e+21	1333004932.56642	412840141.060767	-130650514.166182	376471133.095999	-309619.951306936	62742.6467401086	-2276891.09814304	3832114.80404932	-593951.908510356	113679327.649071
"62"	-0.20089505997501	-0.0344560902982288	0.0548694531917573	2.2894419965193e+20	5101042945.99022	294062687.116597	-4299207.14780605	135263655.169397	-214182.317302219	-409358.604469433	-3961610.23157347	810148.996865695	-87795.5163698695	299896067.53875
"63"	0.03860063476523	-0.00828395302545844	0.391418491079067	9235023944858843136	741428152.642018	212583190.659344	-212719178.890141	140570594.738669	-127119.398552077	56555.2211988481	-4394241.5013471	5035456.37145572	-1230372.86650207	16791756.6819718
"64"	0.0295648084653453	0.0420577464820159	0.311087029837067	-7.84369399007779e+21	-115712161.483845	559204721.179581	-84605031.6362952	241013184.015056	-197858.455803404	292521.021091079	-4082734.28260579	-391219.532305383	-3655.95940290931	312896530.204285
"65"	0.0190757070566337	-0.0155282755718119	-1.11717791387806	4.10550042483069e+21	3453940526.0103	567138655.73494	36071443.8585582	53341098.3249839	-10421.3405969632	-876387.976687006	1918679.3351048	-896979.571159668	2919605.27018785	424041565.865372
"66"	0.0567211361705966	-0.0399411979268469	0.805483805523575	2.50502102800918e+21	3562668476.76167	-134945697.905396	79557757.0738443	-35518938.6355129	-93846.7924264766	-385801.145911176	-1838047.53770026	-59728.7648498263	1029561.92411319	823457111.384312
"67"	-0.103355707732418	0.0347209503478108	-0.0317699744851336	7.59559077032754e+20	3067512854.76821	22125447.2993298	46643648.6867462	471204067.151523	-80381.9897296809	317004.393570178	-5021233.63092871	114748.954449936	1405917.42017907	75865685.9300719
"68"	-0.0629718408790895	0.00253921277550833	-1.35328722484257	-2.3492105649711e+19	1178302358.08595	-75579300.821441	76704184.3861242	41325451.3522053	-125795.331415515	-205128.542981394	-2533832.71942034	-164849.10442662	1366080.21970768	92222026.1584938
"69"	-0.00612117930192663	-0.000161956574199756	1.94972919572324	-7.88777538153877e+23	2422878046.70365	2016620824.32035	14196519.0102869	-71835678.7955153	-102886.834021739	-279057.402879558	-5138447.44222752	-88663.1465045278	2544555.97483165	1048959894.14181
"70"	-0.0710057894187469	0.00939692540333504	1.69824493141877	2.61230304669469e+23	3986841621.25723	935877230.576843	12504111.4175173	-19797184.7283379	-406607.727509093	267878.214432648	-4288220.32083366	86460.6759317704	788319.684821316	601465180.427423
"71"	-0.114007076367737	-0.0146701121895646	0.15237273162506	2.56418932593497e+21	1717291792.56705	-12499764.1282259	781180180.232195	950652121.97044	-143180.97047977	-158342.225151121	-4579484.802541	605653.05495195	367021.795969481	139646531.060358
"72"	-0.00584953165613149	0.00335593631808799	-0.129636312682403	1.4700949459111e+21	608034384.743439	95483280.5076474	-2243334779.39041	349538856.895162	-173354.867373377	212611.966838911	-2859973.25272524	944522.538614263	-402805.232984618	132692443.34933
"73"	-0.0831082157991081	0.0230638417139796	-0.0724674342786022	4.99336677671204e+20	2556571429.98887	970165208.450278	14868216.6848363	-2352120402.13149	-50231.9985610806	-8192.84406317887	-5179118.96725915	704376.827469168	470964.718669394	146192853.465022
"74"	-0.0675515743401641	0.00563668937676088	-0.113286198313276	1.33559897956249e+20	-94639824.5644554	400481291.894162	-107678088.576075	297218012.629753	-148545.526664221	94203.9913313959	-3639673.19264097	2934486.16867963	-1167206.92291628	111566484.839911
"75"	0.00993725340099165	0.0168814496787551	-0.0653609580244499	6.47399210070501e+20	1018556323.1226	196586131.31848	93085990.2501491	222807654.944588	-163692.186864927	2171906.69177904	-5995606.3083801	877560.174024877	-10310.6151244668	58466064.2478172
"76"	-0.0163608599957147	-0.0181244734081544	0.150462048942223	2.57108474517484e+22	2996479180.54317	2647274518.54671	-12911479.2403789	515820185.667248	-462456.157140111	76645.1640776284	-858222.547601748	864806.194195577	-27617.2532175175	412303088.305941
"77"	-0.033117586647785	0.0592147044884953	-0.683335128230942	-1.22538600320958e+23	3680867432.72611	645984027.24468	15627597.9222087	20009487.4192441	-92863.1509120865	575273.599697547	-981272.57516351	1493151.47837082	1851169.90605898	225224791.549685
"78"	0.0999599577194134	0.0328588780802298	0.481062924905232	-1.69667933498429e+22	5116675454.9281	596737361.355764	-823249.74179329	-29851401.7503836	-253625.765595226	1400162.4327292	-7054833.21394541	298302.553430429	726088.350513172	497052929.839264
"79"	-0.0672992290306445	-0.00517504856540516	0.116652100608146	-7.94421801116012e+20	-675752212.911827	71166662.9817853	91706402.2263775	285913836.73079	-158223.682706008	210543.403704946	-2435514.88613987	1696387.41405926	-467554.97614004	309353277.549826
"80"	-0.00498839992043197	0.00731498737036846	-0.507798557338191	3.88977044526235e+22	4830203046.0335	1637628644.86365	12352422.660245	452366808.028503	95969.8130443507	-1265344.16803888	2240097.15499549	-103616.121700301	1737431.23168783	133506868.254873
"81"	0.0453369188619861	-0.0149896064609109	-0.0032835845215339	-1.50485480250203e+20	2020633242.06381	-150464300.05115	76693480.2164627	212466699.270054	-90939.5831678781	-292478.428193921	-959425.876568143	82337.1417279543	451825.699196368	-127330404.435481
"82"	-0.111439484451705	0.0157342074408842	0.160101017629925	-1.78436994909656e+23	1847565222.8179	958389517.739314	-13019959.2187223	-1789923602.31121	-267617.513083264	-258563.656593506	-1058855.92376729	1208956.13389293	1978435.03785937	343365154.084731
"83"	-0.075612018224683	-0.0838287485918905	0.0754936044197894	1.77687792821672e+22	5541192923.32506	3709835327.88871	-6149415.53733966	673841671.276669	447198.017976553	-1291746.08788356	4634760.15001992	-616697.013228948	3585475.25242954	228929230.59495
"84"	0.0269751857721341	0.0482880761561888	-0.0305961540174799	-6.10296106915282e+20	3668684589.11247	-1927384.43473826	28006313.4654977	108216569.449086	-213513.507602733	-1221999.76889068	5511272.71365797	656919.700610957	-119277.462393508	211757060.754136
"85"	0.0687778785019304	-0.0304436460352062	0.164377273788984	6.46821344024889e+21	3441663938.68112	-87381246.8026353	14093548.9061604	556586823.044349	-172620.501837266	787975.23388074	-2237143.27370573	598559.284453508	295609.723565692	257313401.142254
"86"	0.00485576139634093	0.0445601425332977	-0.211950128613673	7.16429050078022e+20	197091347.893965	976300983.83538	-106007445.86779	-811017130.262547	-41759.3979239604	-219824.162952977	-2334877.3163382	-551156.935930984	825653.541626106	55061607.2445659
"87"	-0.0933891062053372	-0.0857796404340078	0.260980398882822	8.83538590842453e+22	3332990268.52457	1898260663.48632	-14521113.5289674	813896699.807061	52169.8359175247	-803641.583700638	3930915.48332058	-946365.858925654	3230319.04382998	208158431.365337
"88"	-0.0117570634481027	-0.0806553872968111	-0.0529056971181207	-5.72069605940175e+24	4278393185.59034	1525158617.76037	-8719859.29240041	-848292655.833529	-161663.667536112	-592097.584875788	-617875.251777266	-1014166.6743399	4606184.59204035	571347820.431479
"89"	0.0666702117808877	-0.021540815910636	-0.293845009560592	-7.47382781734841e+20	674884738.569018	53230757.1650713	7716632.25135231	273161146.914314	-179502.027429746	395141.572556343	-3614342.2428786	919109.793964573	617455.740912518	216464101.195394
"90"	-0.0889005139794433	-0.0157213926871735	1.7370218265863	-52064236735735095296	1188697917.97229	157008107.07332	-1420205281.73133	24899197.5124813	-166591.832210649	-75333.6074091643	-3647730.18030073	408619.310094879	682759.505258918	401483194.86172
"91"	-0.0308777925998953	-0.026563414820127	-0.0120218523624615	3197912199411204608	739040036.94749	420140179.336848	-110317566.03439	177077281.933983	-109352.8610189	-113897.510485947	-129172.627661851	436826.687692504	1072502.7864666	365252877.934647
"92"	0.0122355320471799	-0.0203060191978722	-0.516464811679568	5.17128190382584e+21	662252108.195472	355472133.923408	8433107.08726852	48926933.9117241	-282258.237169165	57143.1799685732	-3032935.30296924	821877.376012082	525887.018701085	395050510.521144
"93"	0.158285326924364	0.0272911188798713	-0.123728507608488	-6.04008502029064e+20	1728140520.54794	-115539492.727393	345277219.682579	242841097.79411	-92896.6184359306	-309703.867654063	-2936757.37288708	178017.723168304	543746.602564392	162240539.13606
"94"	-0.154698944355647	-0.0104353063045688	0.037576896482478	-6.17322978769728e+20	2457388775.89863	1430040733.30176	-4046632.44506309	652209996.860107	-257901.525666215	505790.744006643	-3694083.34717776	818910.145666371	1010480.36364843	290761172.148654
"95"	-0.0047807978425355	-0.107469922113833	0.84406758553449	6.90357295283558e+21	1588753325.37768	313145331.518935	-7321034.60192695	-71534001.2129405	-238003.691799076	200939.600428607	-3496632.90678551	-107410.732335939	2141206.85697593	1793228253.4731
"96"	0.0656550233627122	0.0014650659577669	-2.02201347959988	-9.00489068128958e+22	-469713256.030763	548942462.324315	28462965.4568528	65440869.524498	-194718.934442346	145805.227775477	-2191665.35107571	1169448.33971181	-188064.519439602	390198551.005103
"97"	0.0587604858284946	0.011074408103199	-0.545929237172111	1.33771877744862e+22	3417018094.49336	583776466.264	-3814721.74872375	75549156.012321	-269722.238355829	462918.674000004	-3649589.04293411	2709056.51410349	118442.925160231	416983217.489358
"98"	0.084092215451328	0.010362266110214	-0.0416504799431638	1.6774392821283e+20	3871184212.52454	-142760612.370379	104219759.285703	574155519.612778	-106835.624728213	-750121.737694357	5511321.62133019	-303314.730376315	857292.635813153	109054218.502518
"99"	-0.00910875323669451	-0.00452083731460179	-0.0923949762970703	2.50484443271896e+21	-527649095.7535	288713815.163998	-770210078.373714	404350808.261961	-123691.19413313	-25513.1278986982	-1033781.47999867	-734041.694001922	2139390.95673507	128780274.717199
"100"	0.0858228855229119	0.0349914617799931	-0.118573846398525	-2.32466513405516e+21	475704568.091663	189062124.755095	-294169647.243877	-658704736.53451	-186591.4319997	-500622.552882055	1609407.50510195	-591324.198613808	2093402.1788845	139132922.501385
"101"	-0.0483541269628425	-0.0104824515509059	-2.39877831571253	2.83996680633559e+21	2509924414.59714	332960478.882294	43746696.148641	43901284.6105476	-131587.647369753	-447981.06302921	-4213236.19750493	-209412.847942665	233021.690020993	457758197.88652
"102"	-0.0888786475952619	-0.0191123802084985	-0.0276989993040162	1.99398450289434e+21	1125025402.84381	110432596.423435	9671164.9175577	1581850879.31363	-202416.000835123	191205.275042285	-1973496.70767425	-195439.209263864	1676230.70945708	210791669.260437
"103"	0.073892747023447	0.0184094255021455	-0.239545037353205	2.89490172333706e+21	1670428022.36271	7991857.93007548	-327417577.344398	390854042.11735	-165508.620787335	113804.154212572	-3324821.86242583	1247696.53778282	-174119.257348485	116305990.527034
"104"	-0.0350214206394985	-0.00879468615863743	-0.144730598540324	-4.43230989568021e+20	-1146611925.88295	343516117.96763	-54777009.842228	408197150.348372	-159027.699384999	-51780.8696848461	-763160.823998473	298041.679917949	214236.282309414	234465848.731823
"105"	0.0956847852685878	0.00858836727952014	0.097060604260809	3.60800366026838e+20	2442183590.62192	-83825782.7182423	88559732.272156	321853704.91711	-156429.724591019	191175.576409573	-3353844.39923798	970336.017052285	114073.381887947	168265282.937235
"106"	-0.0790169625914729	-0.00347568661229847	0.356363711007128	-7.59880019423108e+21	677546165.658465	1009281146.53457	-791403652.213642	-2229859.98053478	-274245.615750164	-241304.305667801	-2256999.52664635	222328.725231297	1639052.45200367	182853813.770067
"107"	-0.0278427983337365	-0.0226007612554202	0.37415497408098	-25412233682611871744	-361099828.771737	96321283.1884201	53312089.3689864	429594368.463382	-154739.171434358	30461.6594350484	-3659738.70000587	-545017.988458546	1158163.9215694	68779454.5654618
"108"	-0.0536476912128015	-0.0236859382751618	-0.501902640541082	-9.6229255894485e+21	2204210676.07448	21773401.3777922	-454033488.005008	195632033.868359	-209352.294807991	-353332.00161399	23875.5473255071	933403.537626722	120612.980735359	223905343.111779
"109"	0.0667908520116166	0.0895686509868411	-0.534566452120219	-6.10676681743497e+20	2488822661.50467	1446302582.19735	-39816484.2236626	86577427.7101283	-77040.6160868254	-921270.403656842	1757539.61575629	818106.64235641	642904.001049871	144593563.91954
"110"	-0.127300435285745	0.011228288032881	0.121762925121335	1.59546571682683e+23	102267048.668214	73119956.1432897	48084893.3916474	228516249.992363	-166538.595905159	507572.426521415	-4451456.63014394	910209.021075005	1215106.43856084	258557752.380085
"111"	0.062661931065733	-0.000331421767743911	-0.17516161339703	-3.09006917848913e+20	980882507.676404	126107034.452844	-211143960.456665	75491287.4719734	-238481.903911667	-242079.481782679	-2173068.73502935	152373.922801705	454153.770573452	240804420.588824
"112"	-0.0616945269651866	-0.0236775257301124	0.116309163973938	-1.44690775217624e+21	827638626.590007	370861535.594723	146525882.424874	257793686.781691	-286870.920232941	-247302.747438881	-1166005.64604453	-126084.538791716	1543654.87983028	130743944.294265
"113"	-0.102937310090641	-0.0641368936770902	-2.24712181387722	-7.41483965871708e+21	886219242.192515	281870383.376798	649233510.851565	-22474358.3799564	-76367.542560655	-165402.612918183	-3132470.80601991	-1007725.01841889	2672225.41164773	873284393.111559
"114"	-0.0191665002661513	0.0440680499508664	0.555804945147848	1.86005671088865e+21	-668179386.690338	603124528.647512	-167556485.158494	487179312.735594	-135376.300758421	16042.9362185034	-2740996.43837647	-606317.729684445	1324462.17801582	226788038.513099
"115"	-0.0694497785350409	-0.0397609379827092	-1.10225336932771	-2.67722844873016e+21	-63028407.0449552	217964380.530117	147272739.738667	81052988.0296765	-192744.339561567	910164.302605981	-3244737.19326526	2193301.85623872	82105.1834912225	338541038.124443
"116"	0.0720568679822069	0.126149533091151	-0.0468538078895811	-21488157691443466240	2469011395.57073	1171614194.03534	-6391634.3029926	111234198.604972	-330472.428893681	234456.626362802	21258.8085601455	2134515.69242289	459856.83911579	219008073.257936
"117"	-0.0192984033357216	-0.0273214326704919	-0.188810068538013	1.84615140418773e+21	291480749.162658	230590483.760093	-121016261.744927	1065054777.57991	-252045.213779335	-166302.530975896	-2864612.82617401	-495034.532151319	298982.788011338	249694826.204173
"118"	-0.116776409519479	-0.0219375897405385	-0.342219921945675	-6.50947128949684e+21	-226961577.569249	94018054.0319284	2336627.53448007	316228410.876707	-144573.209472511	-3983.2954629892	-2314648.9495367	-195578.662418901	735220.481739713	312100902.803591
"119"	0.115390563636204	-0.0141527950062543	-0.0157527216749764	85910677198524121088	4118015185.76445	878397554.566858	-3794517.18307772	81517146.2646585	-432795.924136392	2686960.42470438	-2427946.59307272	1700483.58781156	-536390.885563318	2554485658.78313
"120"	-0.0151261263214322	0.0236255046273255	-1.49351051909442	3.1505704802295e+19	1128261781.56694	19111958.1498313	-1673239919.40695	38844534.3354129	-182688.613025583	510815.612362013	-4280927.02682178	894051.980561846	616394.098851457	193446630.890451
"121"	-0.205717587936992	-0.0685631859881515	0.000650797441543206	3.54169445164633e+20	2361333761.67262	785795225.739427	-6047476.51442891	294390155.802197	-269129.566797836	20364.4727278416	-2591668.32737887	1957647.28160344	20375.9542355436	360990786.262802
"122"	-0.117069511921194	-0.0506710785345988	-0.0191534320531926	3.18135085298786e+20	579207951.996569	25508736.5839858	234263027.299131	130005301.844357	-216079.252824173	234597.704381196	-2530205.00241624	1886208.8509042	-740239.441882089	647885385.782228
"123"	-0.044713461783012	-0.0709437767954351	-0.0517686942279959	1.36302541235699e+22	4435935402.55598	1431688533.11138	1601523.92743722	177690832.76954	-84699.0622594743	-1337976.31739722	2710347.93736562	-1052424.61291142	1661950.03714923	315887028.674902
"124"	-0.101810107574643	-0.0105312049755173	-0.229501440481867	2.64777263402465e+22	2672118360.25108	882326054.167698	46286933.8653478	-355436561.704289	-70781.5331846026	-643176.385481325	-1973666.13365947	-352908.207974952	1494500.91663992	123982332.887024
"125"	0.0509080167020869	0.0247555145639935	0.00888814925562404	12372715396429469696	4577664393.41761	296403015.290069	17550845.5135123	85377201.143832	-240634.749340981	430745.711072328	4957017.11755817	1508667.15881766	630193.19901875	-246705767.275021
"126"	-0.0301406119271789	-0.0613130658672946	-0.214659634905963	3.74699642626611e+21	2689654072.18698	2106902384.55752	-6979692.44095889	1711930763.14839	-48720.8599170901	-761309.92723775	-4368933.8776687	1650124.45008368	-989428.389952375	232262949.051633
"127"	0.0180299034647255	0.0466697448705057	0.0993757591980794	3.60481991858064e+21	-527453413.360529	579491968.084008	-30270545.4705367	-836988001.39933	-218824.086562766	200146.321722228	-3359035.62464299	1010736.43877211	-924063.514308581	176887370.452357
"128"	-0.03606208309457	-0.0121115365208212	0.295672065632702	1.94817735564622e+22	663862682.859596	740247230.361882	39596374.814626	-21936018.650221	-210709.092328685	129608.470746219	-4589595.91770586	245654.95569486	1738921.89750248	259118415.161777
"129"	-0.0527528697214685	-0.0758162122319953	-0.015423599151962	-86656003699908296704	5970393801.61927	4544430929.81303	42317699.6427936	-41714182.7683171	126023.081753582	-1080260.84938624	1039553.66449146	-2231484.54856546	3964408.52725285	-229777713.187498
"130"	0.0508524270881473	0.0510169290031752	-0.254737065411862	8.95847885725972e+20	2497544043.13983	1478424256.39198	5037163.81787696	-2676368232.32643	-35227.8351244576	-883734.809613838	3695636.47533433	-985299.480393338	2924220.07384091	185119870.296575
"131"	-0.134072545551136	-0.0154827609189813	-0.410603607582292	-1.22668618845206e+21	6282764546.2816	-13397166.6706421	1869624.0381696	104192840.521309	-40471.1820291768	-110666.68440352	-4518365.3729221	632744.689064259	409271.998009168	270291477.419741
"132"	0.102352926333513	-0.0278410471713745	0.305002985777283	-50050810374267183104	1542991426.80398	290092871.985303	-143547843.720232	614361663.04486	-255993.623147862	-440504.470804666	3366972.25667634	17643.5175585987	1149034.53631089	117980175.487085
"133"	0.0163234388038627	-0.0569112347575222	-0.240233202502105	-5.52851940987297e+20	2481977292.31671	1110057945.83824	1679473.62576012	734456109.04876	-276449.278499697	2382845.02289423	-2174505.88387822	2133385.36534223	1741749.56275222	260205633.48886
"134"	-0.00481647018923822	-0.0468902489992431	0.14118260741951	74625355063895457792	-110864344.864325	185868626.865372	48098486.7710049	83531308.489236	-127530.810730717	218444.185893863	-3362181.42829283	-592941.390012244	2574066.05149516	451711729.385305
"135"	0.0633527304447656	0.0211435520184458	0.194522533741301	-1.29366418166263e+21	3620119924.7471	373910529.415177	7921625.88215347	60071822.9654839	-185465.067574319	4668414.12496903	-4912055.23616269	1337571.77244115	1376204.19516301	445354719.351452
"136"	-0.0263467926402127	0.00707017691845746	0.0411505502603616	8.28546587483863e+20	1554438872.87665	571423869.831078	-89469265.5218195	683483676.183963	-105169.02953063	-136101.644506974	-4863688.29153184	1708263.29949083	-325651.840954895	121883447.588695
"137"	-0.00647078259975217	-0.00281534836694664	0.925381644347085	-2.22280863072201e+22	780570444.204681	133478084.452666	209974314.426109	24387038.6729594	-182039.049354517	-202556.626513939	-2686665.86687893	-655321.319547806	1915878.45527807	431309170.159867
"138"	0.0475239570230948	0.0356788355877863	0.563363517026659	-6.03964934665435e+21	318426844.586884	486421521.457631	60566091.7209208	282546811.000347	-132421.239700704	-284642.482718673	-1474667.33072917	-536435.091009015	1763085.18345036	282445595.387101
"139"	-0.0285226046812492	0.0154827800124417	-0.174279605056344	-6.6930965500596e+19	760536175.522286	1950372254.83251	-72802442.1528655	437406316.419272	-151592.692751106	62164.6324072466	-5364862.87812299	-1127814.19553967	-894005.047690448	162429365.708818
"140"	-0.146029118733649	-0.10051704530647	0.205802004350835	2.34574663350138e+21	3055441213.93766	-122295576.123979	22785002.047551	212264416.526013	-146909.402207272	1210823.01688931	-7515911.84697784	761470.126380714	-146178.341066376	279280993.388049
"141"	0.0503292278045317	0.0453774858686811	-1.03473563350692	-4.83723028820105e+22	793194747.283948	198092121.485802	-140914224.302235	251599898.262504	-238184.289179046	-34377.8096962791	-2843691.79004449	-202689.025150241	980200.96410488	181093347.20369
"142"	0.0093651450518429	-0.0163765077308362	0.281753530322645	-9.59987017107525e+20	1273112728.59129	1351486389.41042	-631254.592331404	769116412.076935	-106999.398145487	-563061.025529222	1385469.17295847	-285613.831049383	1242573.38974944	233337882.170853
"143"	0.00883463501287864	0.00246183360642993	0.247753317830052	1.62410810135459e+23	-310547439.300751	1642147218.50741	-29273590.5008502	997083386.921821	-117604.291350345	-192239.398456658	-376286.368486169	9801569.51699508	-840703.648478088	93757528.2926795
"144"	-0.0284852425412879	0.0298473363090353	0.18145478886158	75292288081351081984	2304385107.30683	96832928.0129241	1024177173.88559	1660225075.70418	-108687.822533468	-310500.915790563	3228049.70292037	27301.0669451548	2105597.88394422	82659753.3228362
"145"	-0.010241934302698	-0.0168488680313728	-1.36916118637356	2.27856382417525e+22	2576282335.60611	77321859.6874517	26699577.6638063	56810581.4668745	-277364.067813563	-572545.565177863	-3576126.16606878	-165747.112632144	1041416.74489454	505222662.500202
"146"	-0.0993167753463017	0.00106284131613263	0.0170616883243539	-1.04977203434671e+20	1775814087.03598	421398224.580655	324590457.19704	474246788.359202	-286773.574679309	-549154.629939868	5542307.24654218	204484.197567742	1356047.53881021	1528280.99946268
"147"	-0.0987202576244849	-0.00641442268361565	0.205786424586858	-2.0162970372797e+22	1873782494.56869	-33083673.8780107	23674438.7668188	559312864.223127	-180568.36489253	-147280.659109407	-1832525.23571539	-146349.131321673	851891.892599804	397693645.555827
"148"	0.0248630036908097	0.0154850427473528	0.0801707225536035	-3.46715580552596e+20	4614190542.75507	769565842.077066	-50693612.0476669	347113428.157458	-44390.0796392821	-1050710.55258429	16795625.6098545	-599817.227773096	4135270.86788978	374941500.390919
"149"	0.0857725509920637	0.0244225718262404	-0.400290408649096	2.8737955586373e+21	-170675480.66713	636406220.3271	-90399211.2420403	249430061.792898	-101394.100996596	-44473.1557329393	-2256260.02254951	7428081.96451162	-1148220.55255481	-24418436.0005811
"150"	0.0334467998890197	-0.0354813104447387	-0.0240971537970544	-5.95563688516174e+20	2197913475.41262	56082806.5637867	-5932360.36795744	123424918.861584	-191418.859393193	411197.571645418	-1048167.04354416	1352426.40509137	341478.754572397	576411798.895074
"151"	-0.0355638832372176	0.0374772373220941	1.14150695362519	1.7058657499789e+24	3643693761.63907	878621897.513213	-5297428.95808732	-67337833.8153371	-126498.303301086	-609683.598303184	920124.920329767	-981605.213511252	5269762.96476279	940519742.442655
"152"	0.104802643043516	0.0145437023341679	-0.530452450304115	6.98671610602574e+21	348806808.653772	-79379404.8135849	40335749.8751702	246584918.577945	-84915.3512027202	-239120.489141439	-971369.962616659	286233.873231105	762562.312504117	-62246960.2583876
"153"	0.0440217884584253	-0.017528507193423	-0.999938129002998	6.412890783241e+22	1964653215.4938	456379293.137328	3495751.85128901	34531313.9173195	-48484.4141000828	2702608.94678142	-5720428.45690848	1984662.50508671	184499.734172298	304421812.776147
"154"	-0.0197533776942056	0.0103788464704176	0.750209779399618	1.45912755478048e+22	2593171195.46426	3418674943.47324	1422828.48085343	124581169.334176	70796.1462812625	1079023.80151613	-4658124.93037457	1849030.73280118	1685700.58215212	322518919.63365
"155"	0.0706148534435293	0.00622733306135692	-0.311760713256225	5.71839992882266e+20	1007573718.868	209389208.127917	13168721.4663359	-23066669.2451957	-222111.065386986	493014.306799341	-4294276.16631154	1950866.07217814	-341168.512745712	899830826.24152
"156"	0.0358480260166644	-0.0192482480582841	-0.0659129072387578	1.11174098553402e+21	1645603306.48347	-81835544.3872679	259870078.578351	526477230.857385	-164416.693581339	-298303.912748562	122666.607781287	-242831.235287788	598566.883641994	173982408.037374
"157"	0.0732600151808789	0.00321680948740084	0.34060635384077	-6.40701065746142e+20	1627305928.23434	103358503.095381	166908907.143862	168737334.34901	-203277.87093084	-485800.7340023	797272.506098672	-71867.055006418	543971.196833641	155596665.21022
"158"	0.00504463200059598	-0.00942440618867234	-0.140735570273472	-5.04500741630498e+21	773624045.054426	197186138.38198	-267138398.477568	112395921.570334	-239725.327800182	213958.558004956	-4188913.81012812	2463957.93212108	-461579.980266582	141585110.711459
"159"	0.0164932120969494	-0.035117846397193	0.732011101565721	-6.22605965507527e+20	78280433.8827513	186948268.663818	164905554.00243	479246296.789712	-171280.423278991	-202430.912650752	-2999427.80581254	308281.174587114	1014456.80598836	190882018.589227
"160"	0.00986371832235686	0.0256070592433366	0.0264162108927933	-1.40044789669688e+21	1778045034.58798	1367203537.73028	-12093127.9522441	171359001.113591	28383.1130046535	-607705.37435044	3897607.37787404	-663595.480265438	2632626.0020133	231193367.548068
"161"	-0.0443418057790451	-0.0264378951131173	-0.0452236669992342	-1.1522472390927e+21	1003916276.86015	319111219.829415	23515427.2793151	254542857.988251	-244892.338296865	2087343.79124109	-4768687.19885751	5476289.97170168	-563316.667594201	109944694.646902
"162"	0.0043360424902088	0.0117861637411138	-0.0676753226979601	-8.45926775528525e+20	-725291949.521595	210132022.342911	-104797540.465313	2318690560.89951	-140352.533691704	-177880.791295964	-1130675.91962218	-579385.115166338	1344496.13050344	268995939.707384
"163"	-0.025147786280318	0.0184989449342281	-0.219573081290455	-3.45433855468314e+20	157198942.777938	56691954.2461977	-204571082.854895	2549112003.11018	-152691.503416826	-111181.268195088	-2628586.57319724	-237102.797937086	1595652.54098083	62613391.1837007
"164"	-0.032524376660429	-0.0176774153315014	0.529364303782576	-1.45878073814772e+20	-694654373.323754	161347003.784666	-684740229.55001	17635593.9137905	-162474.161257267	577246.899346558	-3115508.48907714	2689539.13786923	-633855.88425328	278781008.528107
"165"	-0.187574138286618	-0.0471216344933562	0.100608789267129	2.64721330939539e+21	1088863947.28002	73565490.5826737	5227347.83305881	505965410.901424	-204159.176027836	-296965.663662077	-1816829.05518425	-360191.674395013	1164912.37560334	360558700.22644
"166"	-0.107000394964338	-0.0045756079466762	0.0521958323628721	-1.61187610108842e+20	1718708081.58316	459430443.603135	-83982258.1939788	299454098.500075	-374946.393815386	-105094.940331296	-1079969.14877489	1605752.89246559	-505045.866023583	177467283.688735
"167"	-0.132091689900149	-0.0765356481110783	-0.172771942796001	8.48203656523023e+22	6327345390.04774	4507037443.46386	-7421315.02631985	945080575.96912	261424.982431289	-339218.333766566	-3774811.77284985	-797605.54276409	2438806.43534501	1475059662.25343
"168"	0.0448034905753912	0.00872245789501575	0.469389917891969	-7.74528181611027e+20	697992525.005416	163278374.684028	-15575180.0087475	411546402.612059	-238052.968903986	-309581.574964759	-774764.706555235	666259.639103001	1982123.77159836	323104958.207786
"169"	0.145025104972851	0.0464331116332235	-0.607663158161048	6.76014940134591e+22	1769090185.71012	553934979.059372	2737923.01488086	132806177.507586	-88812.4061849558	2177860.22850403	-6201015.12241655	4013429.31525772	-461155.89636629	163625009.071189
"170"	0.0687497476281185	-0.0255541052219343	-0.470147382364929	-54997708704916226048	154400315.657597	138612958.117504	321351970.018761	176637084.516122	-172854.619854635	55206.7990986219	-4247375.12336684	680601.213650635	617680.040928384	89981403.4701763
"171"	-0.0362754508556712	-0.00979657842466684	-0.308513052638883	3.42682371643655e+20	-458754044.121412	973831449.504899	-142718166.309679	78944964.5652394	-89819.5048614058	-86443.4744104562	-2610730.38976162	-358495.095798634	958238.096278762	234077362.296558
"172"	0.0833605502269566	0.00081621341629205	-0.0845395792129977	1.55416719134311e+20	-134433798.955557	421295696.645761	36008953.9832665	638969561.056529	17672.6190464386	-357320.9752025	2509598.25705943	-274219.587618013	2350957.45889832	-63499014.4463749
"173"	-0.018133114799298	0.0120351481025483	0.388333865143253	1.10216581942973e+21	21130876.8660869	285554455.994564	-462022171.487438	1005282864.22926	-177806.669859748	-127421.231089054	-1699077.03959052	847868.89436495	209064.99302519	123133169.105063
"174"	-0.00456196910695643	-0.0144827628746169	-0.219975814744966	7.4949304484265e+21	3911196446.86199	1026062817.9098	-1792021.16318278	-1415856719.43723	26762.7180685052	756315.358822962	-7669376.90435617	-657139.411178103	1358420.04639958	181079785.868872
"175"	0.0429186917918728	-0.00178594083861029	0.00608977062259402	8.071990403288e+18	2507895714.40799	368752637.865323	-15541656.219239	171823591.933217	-288906.338763113	-684017.217420356	2850042.393922	226456.703309522	747009.963933823	730108420.047591
"176"	-0.102763803654158	0.0111600110830703	0.273340369582615	4.31769849878731e+21	6087659592.8096	-120449565.191573	17493565.7607152	186239290.963914	-111855.96565316	-266623.793427446	-2349852.42944185	481773.866797454	64630.0532739519	300040038.286725
"177"	-0.221147349748265	-0.111456520770704	-0.282806798102212	-3.38159867999796e+22	2919836234.00518	1595004228.05713	71895199.1423854	478795581.079949	-179683.200807214	-865452.005801317	1173341.46020218	-6611.99766238612	835656.508665763	173034431.965095
"178"	-0.0709901268782135	0.0726287319134983	0.978938209930777	-2.45687310838807e+22	1343387670.0433	487102188.144898	269332382.817185	-70008612.2796656	-95117.431249952	61765.9880715234	-3550195.29166886	-169523.638463797	3061140.46277703	819068678.945881
"179"	-0.186173654924208	-0.0525090683025453	0.0826197798056335	-1.35396681321867e+23	1252093226.29372	447591004.802688	7547609.74086526	103190630.210066	-339860.998285088	1022291.99063935	-4659513.93290399	80930.4278923152	248352.865409296	433832319.338119
"180"	0.223708688556261	0.0484480402211807	-0.276436737598368	2.67494658095953e+21	3490043762.14172	859566219.691105	9145628.63225325	880535198.49249	-151397.70297861	172958.402917524	-947968.637954413	2385259.18268213	798331.805761182	96406873.1566693
"181"	-0.0767738161777386	0.00278912533778548	0.134221667233565	9.89260320481924e+21	4188448120.62341	502141683.191371	118333029.816287	3259043471.40708	159184.381548943	-191492.033078801	-3457605.78521215	516794.407828972	712959.882154997	143039817.239099
"182"	0.0012565561685054	-0.0421815424809581	-0.195828325685265	-7.32785813158871e+21	1277101642.1014	393237754.285016	-1064031045.1459	103966265.742894	-221855.778224686	385536.897210844	-3741828.34623127	1342192.96505696	383149.670269399	366740554.9489
"183"	0.0578016774349931	-0.0213512693768217	-0.577133642875421	-5.84939182817334e+22	1026555674.32428	374950289.2221	13978910.2540702	-41283408.5159337	-176824.3227063	481642.874385266	-4181323.59276522	-119127.566883465	1930269.99149299	491945011.382075
"184"	0.0858870493256589	0.0213193395470731	0.0590105767967455	7.90673193228386e+23	2865304294.41293	418702413.604186	819483413.56625	21212174.3385247	-193069.28441155	-535107.254836893	-3813502.89137073	-73872.108117561	1041596.79166169	226955602.350639
"185"	0.0493976038417587	-0.00767914711028179	0.0765280202453244	-5.06932476556662e+20	3265435110.45375	-116958579.173082	279871242.606733	148066758.785227	-160976.909010398	82187.5943859224	-861462.616183597	1216138.51931228	-283185.138921721	159781626.161596
"186"	-0.0140807238889694	0.0468236722285848	0.106169235386046	-3.32258776302459e+21	3865618472.40447	77399868.8876357	-100651418.956508	418096351.000719	-165743.777791314	-701663.011164498	2343221.57864112	-24087.9387584436	1300266.25830236	100425387.459249
"187"	-0.123538283056378	-0.0889961927455168	0.0730305028445634	3.19334053173721e+22	2543949813.65236	3299179611.34812	-13650701.1105842	428118059.612232	-477545.411890508	-531038.170384044	-1381190.48714298	-196430.284495687	1826356.57017243	2002558236.8734
"188"	0.0844634535674034	-0.0319751234077338	-0.637497275712554	7.75739318681814e+22	2076831858.34544	371090879.908647	345993.891682468	-52816333.8552996	-377260.246569079	365941.026889891	-3797431.69984508	824484.749666124	407024.728837725	2245848854.48582
"189"	0.00132827296448668	-0.0195650460735223	-0.265337223217425	-1.70584734141804e+20	-942947284.393708	361017207.445232	-83254710.7302151	407223260.39733	-147190.608821073	110233.126183273	-1369376.94591571	8630006.20346229	-472119.917741159	138437137.74623
"190"	0.0117625588000903	0.0717506247881747	-1.17657176544877	-1.18415803128652e+23	646286212.749694	1170725473.96085	-15298479.6266729	-50256523.6765636	-181444.44951547	-489721.768014843	-263941.671354267	-1575688.12558815	3006021.00102879	2563992785.16022
"191"	-0.301150428038548	-0.0636868281486931	-1.22027004497579	-2.83551922891753e+22	1808294688.56874	164355913.244602	5067850.19184193	328580053.606247	-248384.069123911	322845.929517647	-1543913.53431928	294858.691421561	1196222.10425994	372926249.589042
"192"	-0.0975194096741252	0.0111183088870953	-0.0555407207972298	67707034151281065984	1235849324.79318	-90236970.3827372	248976342.657813	227951729.28534	-132650.022382817	-88782.1882577429	-2667088.86851052	255373.056995959	146218.433585357	-62111947.2613469
"193"	0.0157545196586016	0.0184692527320122	-0.134202775694686	3.33297555108672e+21	360440818.210603	158903181.342499	-6015195.05153448	219497860.038788	-186472.548208185	-304059.73514405	-773894.632186238	499819.66928664	550955.34797411	379732609.942487
"194"	0.0675228253543126	0.0593007051261141	-0.281736441530776	6.24262322445816e+24	1779928541.2775	2338590898.33097	-443587532.166501	-40216927.0253181	126992.870577946	-517183.721870358	-3262040.5427072	-1746205.07411234	3481088.77319017	457531767.913474
"195"	0.0283784950053032	-0.0500410033620519	-1.29905937824846	-8.37124054988777e+20	1849507425.61835	171839253.604665	-540757583.826659	91780331.0333802	-161714.103551829	365793.666881939	-3307392.12126956	617327.81153604	601168.401857226	304436176.283648
"196"	0.206522606745912	0.0753125024983003	-0.141187363296031	-75564557676371443712	4213902473.86973	624576350.879154	-2370974.40537401	817675062.939074	-246880.849491868	4380469.71038105	-3493081.99593002	-134676.344459401	1035648.48728991	164586813.36523
"197"	0.0172211807128382	-0.0216302323212592	0.234502781672244	1.18294585869251e+22	3219058579.56169	2256723971.55666	-4127052.74067237	286112084.816871	-432466.7069302	2204238.24766248	-3392056.29383972	676633.00933666	1872719.48350633	258811746.777352
"198"	0.0562267789375543	-0.041654556761417	-1.00889431010283	-1.47736080856884e+21	575652355.528153	51278655.5175843	104896377.831472	139229804.277117	-189440.727317348	347423.634711325	-3838614.04416892	1032160.34651602	206233.144145117	185278039.790794
"199"	0.018895458311412	0.0213911392064802	0.24260399909046	-9.88858317065465e+20	1498573337.35121	272373081.809474	-199051664.605059	-1135522076.71398	-114648.339096956	-356128.407005988	1422503.81609667	-360256.152843202	3779602.71680366	194158262.662376
"200"	0.112422497652511	-0.00436672107627208	0.171671006633273	1.04796414952216e+20	1360256180.29484	38912092.387991	133719122.452232	128450588.249975	-144577.281448805	-303135.457755535	-1511437.19166347	639502.540612617	453361.204994959	175233921.869124
"201"	0.0139523211037445	0.011763206357058	0.0987195407146427	3.15744617655851e+21	1418052154.81378	547246943.594628	-150613784.693548	2154283897.46745	-177864.693828919	74555.8242827925	-2650786.99432339	2499379.23013659	-382622.547073172	141465276.407115
"202"	0.146692989584523	0.0556942540471946	-1.44027370100664	-3.306972241869e+21	2901788312.63759	401461594.73086	32027228.235847	152025409.73398	-208217.928125737	-184954.611741186	-3611498.65119362	1947391.21462247	-224056.392476877	182625646.871702
"203"	-0.109645099218754	-0.030440031389767	0.00324401694127922	-743361924542345344	3284674469.39225	-146187422.462876	67385180.0336765	120757471.020459	-98960.5796922558	-115228.79721742	1353722.68279596	-5080.44877149539	361769.863219066	-294793873.027711
"204"	-0.0990392347317437	-0.0485315265330197	-0.0369013387764912	-3.05823891071898e+21	-186895424.098838	1312136548.93429	10695858.3910941	155987516.949389	-129351.777939484	1051610.59714279	-3665926.54922813	3086787.60089423	438033.216305107	306017775.637887
"205"	0.0787707795079311	-0.0172610192991807	0.256829207166165	-1.13647546138009e+20	-310431279.317851	665132310.692274	25795612.2416566	58915510.0579224	-243701.289888835	773558.915824623	-3624791.58345247	4716836.5647225	-954568.761740478	416335576.752865
"206"	0.0023811122546381	0.00159056212032534	-0.154961992699372	-3.18556915969062e+20	2628974733.93565	35875500.3907912	33422751.6229762	221515316.831916	-164517.46671604	3003513.16071788	-6393777.28031539	3946202.46124196	-717805.428813524	72762269.5829643
"207"	-0.200660492116878	-0.0445113226658458	-0.11906574373201	1.63220300916211e+20	5593211329.96879	-123450738.664773	161174457.211796	-8880963.19327437	-115157.557989543	574852.494194023	-5979542.99186623	596344.474414522	170171.852701421	506865425.97644
"208"	-0.194686180966124	-0.0473636325686653	0.196020046048445	6.60974648783865e+22	3614008102.03722	298449615.478789	-3231456.48382946	-12503612.0789695	-250421.997962775	1367657.79565758	-3995199.66704595	-224315.632075948	2379669.99868408	866037424.227397
"209"	0.0682296901689454	0.000785809072324052	0.00853845582530255	-1.40321680937432e+21	1509493039.93765	1374958976.70705	-103196540.559952	864875641.632866	-153681.709653804	167027.221163953	-1733009.82228071	91912.4867567914	1822634.40527576	202230976.913134
"210"	0.0968539651779209	0.0799203524428389	-0.0892039722114772	3.69203368379166e+20	2865779053.24469	-45494705.3255544	139001838.540553	1013062166.88907	-135559.265598214	-39990.8882249972	108965.709129255	414920.309976045	411678.276346583	123027754.667993
"211"	-0.285971822256242	-0.041029267589553	0.0290312835341896	1.06872445141043e+20	3396411308.3167	473902050.26686	-4877961.26011923	355592217.226534	-159542.194151196	-658727.725050344	3856364.76429862	208259.808564029	1194147.71301186	368266777.571082
"212"	-0.0137735279155315	0.0189330196398926	0.697248855609712	-6.68723658510091e+22	3942447170.92256	1942681777.19751	1575521.26953417	590550687.188522	-268612.393555118	-349880.246917862	688832.991592862	-267403.507117938	2687423.00284386	197873329.457029
"213"	-0.0148815494566485	-0.0190124783921772	0.504114507633639	-4.72378764236683e+21	1103117550.44913	950141822.770931	-65874726.3854493	-2555563492.70364	-175673.372679194	-298751.179649156	-47128.6898873831	852214.996399061	1840982.00499864	151621904.048936
"214"	0.0617606144846449	-6.44650985775562e-05	0.00216829535824697	8.58506725930573e+20	1366037963.88902	1170870235.57191	24675908.3361113	205736723.028459	-200079.907630631	2927659.56903159	-5625151.77508036	5184327.54299263	-1784047.81058733	113725707.13869
"215"	-0.0961607948633974	-0.0500827315104925	-0.0665536205719278	-5.01441830271679e+20	806719738.38704	20504388.5868064	2957962439.53779	301487378.022277	-165679.812036066	23402.4449733024	-3515364.8463684	306954.789023461	363333.342109611	98981009.9829293
"216"	0.0451413945443189	0.0328103912240493	-0.351998286843446	9.28937938696932e+21	2458675380.14176	2531832637.53245	-168794998.928068	93735146.9857089	122292.530218954	-11199.800058635	1592231.72568971	1044929.26835574	1321032.6773962	379738889.089941
"217"	0.0710607144866195	0.0302375965920034	-1.4906166102598	3.54482028626498e+23	-283917059.815828	575467811.709874	158481328.468661	-7766004.1980721	-119803.296711884	-198415.568650041	-1627683.92164556	-1699664.03979706	5777791.68309841	419259518.35823
"218"	-0.0017304420847	0.0148483808276893	0.381835913917399	-5.3531107159629e+22	1141789855.50497	553889830.501	-46909182.77317	1438727509.73697	-271645.839859147	-181472.997995455	-2975387.98682166	564792.016251986	940068.811010987	207148310.116639
"219"	0.0680349450685304	0.015779445742264	0.192726769206651	-1.11971466262994e+24	2192454553.19829	348664064.131142	241624906.209886	113129631.675881	-222471.175816448	790996.207562592	-3242548.33563347	1166613.29794777	607466.861521111	313434808.003057
"220"	-0.0665813237382895	0.0256098050449355	-0.104031049754255	6.32423129129041e+20	4408144987.3206	-57847777.7250698	-2116905922.34819	786302787.291623	-145603.328823221	-15833.0468673465	852948.727993031	1664719.61078023	41799.9384713676	82462185.5941255
"221"	-0.0863630297312327	-0.0613277900462954	-0.281120573718781	5.99747977760515e+23	3346229002.69535	1816204035.68128	-4749338.7288553	-167468164.470434	-166852.985316179	-1363232.83229257	-1285197.63979336	-2127807.65832414	2808013.84603853	193687472.845058
"222"	0.10046809665851	0.102078381807656	-2.3265627376912	-2.17158547922498e+24	2276252220.30508	2557466028.12406	-2276862.56122282	828627.596582609	-68216.567664122	49371766.4241911	-6462421.56787752	5993524.57044402	-887966.797487785	381784573.483277
"223"	-0.0771304733474467	-0.0123422088097224	-0.150875045680223	2.41285024779103e+21	-687381958.923033	566185270.509621	-339004004.839173	879947665.247686	-131022.902024223	109828.644779589	-1133225.64454087	4280562.70378481	-231548.513496727	95858771.7351286
"224"	-0.145035679501388	0.0468905468113732	-0.00919691784941321	-1.17864074533069e+20	5067232085.65661	599801048.583771	-2960213.76490987	83193269.5518423	-67073.2549359937	797000.238417261	-716014.175793232	1926716.96969452	1033327.81581379	4593728046.80571
"225"	-0.0137365148967148	0.0279869025423985	0.215957118211234	-1.87927832655958e+20	453951608.386339	210589340.580594	-49516745.5293451	787212658.033467	-97967.1136749557	-407473.210253861	-909105.75532085	-931973.392312146	3266742.61126482	200977209.877574
"226"	-0.100323531184938	-0.0262626900510305	-0.0777799587854946	3144229877318399488	2596926049.41039	26969203.442479	428149813.200775	41563309.1702066	-124519.080931507	489396.246034512	-1859081.93226054	600785.535049016	1274829.77378965	474361135.190487
"227"	-0.0593915667631683	-0.028738835535617	0.593593670398634	-2.94632224807767e+22	1863522805.85215	2440951662.70117	7857439.04316979	121021010.028439	-187313.534289733	1635910.2131647	-4703104.18700905	1278029.9686516	1131690.13095379	518307394.256129
"228"	0.0226912212364856	0.0131942440540447	-0.302183290233066	4.30445727298373e+20	31770004.0433729	486753046.739226	-415740800.07209	251521221.445861	-206731.097260004	-212654.587823537	-2068393.37693436	747092.7435678	-166336.993263892	86635688.3127219
"229"	-0.182578800231808	-0.0789835403022137	0.541750684015083	-3.98956944902777e+21	2925566422.87465	-56265100.0348721	83594295.5055365	285607545.269579	-203833.769905835	-447030.93037629	422743.579424074	190642.634446973	764657.004833486	246688802.735751
"230"	-0.122878253026577	-0.0194572344123154	-0.359925129227883	5.51543492442211e+21	2437581205.44153	665515097.763484	19726090.3791113	-9072700.39503386	-132651.069106659	40492.9308846834	-5498210.38299633	-120005.752773228	1486619.16217634	366287507.824867
"231"	-0.15865871886056	0.0830402723871272	0.922626157921009	3.61549393752875e+22	3329619466.57395	113165779.123016	10069921.0028817	23366113.6068453	-89241.535790952	-252972.689557527	-8527178.66704171	-300504.350675115	875772.72174253	441298768.472965
"232"	-0.176938250667489	-0.0585108116963409	0.0300010105612487	6.01019927956031e+21	3604266354.72899	-109909056.043915	113723877.780014	203622475.892998	-134408.829673837	-344850.822463358	2920926.43266236	343815.766567048	821497.841392308	288968713.363544
"233"	-0.099597627611906	-0.0200996928026476	-0.0130129158837822	5.31884168876943e+21	-446290527.436277	667904456.101594	-38430076.1363489	428237382.736568	-168687.82849889	-196234.628506865	138212.81156176	-1862831.92525156	3445514.74734836	323003639.483465
"234"	0.118281687443152	0.0564452384490885	0.00557219769452915	-4.71466221752696e+21	2189356502.66319	2946566993.77435	-15653232.8576946	493821819.253427	-155111.144020987	-487412.655689504	270211.061920699	901397.65402944	987344.208538852	260189341.755334
"235"	0.058147715843464	0.0127780986118112	-0.958151099372787	6.45341191926489e+22	1138465454.22616	-52942735.1142915	-267811852.863691	215314659.752225	-157361.25233901	-349801.145655728	-1333000.44258409	-98016.9819739733	834848.777323849	191080655.529379
"236"	-0.0343114708798301	-0.00689455807259483	0.0806886620241315	5.4581496097337e+21	459345698.862673	78247834.7215528	133998896.201889	95351243.2541029	-228157.303820979	893511.077042475	-4016865.73716096	1913324.18865557	-815235.051447265	444323770.588287
"237"	0.0956689429967637	0.0206860770129709	-0.549942019917865	5.3879664010707e+22	1746548876.44405	2868927825.65954	29584383.9309439	-1051086153.19243	143384.169428283	-162416.057149079	-1637881.8213772	-1979837.14058011	5456397.40237025	194084391.164863
"238"	-0.163147797021609	0.0288505954123595	0.139251855866534	1.239594869134e+21	1021318050.89798	1715628325.74248	97671445.5259082	36070948.4020677	-218853.23663784	671721.822778086	-5690981.58632683	1563833.34761069	-2067771.84545281	585290501.655977
"239"	0.0320284801441394	-0.00915940746206474	0.118469722840153	8.18146726898017e+20	2181702204.12722	414970416.745037	-230161470.117501	452858223.105191	-369397.799768168	380739.910643056	-370318.443739113	1296260.12401573	932569.271184747	156160065.44717
"240"	-0.0699601096677195	0.0146097483396313	-0.0556024223029172	5.57671806683629e+20	1425163715.69505	1643037149.09111	-2140345.13266435	497435146.15162	-110462.355887124	-131020.561655191	841261.188011414	2492071.95950889	1463450.79019247	196777025.077353
"241"	0.0947884590104609	0.0255199713812011	0.0920970637484835	2.98009900492283e+21	2980436310.61208	993021913.248788	-338210548.506968	-743404253.690493	-991.727613611942	-479013.237309433	-712242.568769626	-510708.880941843	2943050.93874473	161006723.120611
"242"	0.0563302884299674	0.0437217847282486	0.0476537179337239	6.4428711420324e+20	772953580.931664	3624984963.2162	-18068850.2641016	112654489.329699	188660.169181293	416448.562718308	-748105.46395217	8437185.87122006	-1257454.01608845	60874344.6194677
"243"	-0.233240381083709	0.0162004937839433	-0.118935658946671	4.73846810022087e+20	5211097550.1742	-86765537.6380963	6169310.06679342	167974354.253103	-174428.189677184	968729.006125616	-7919064.24115864	722688.882073363	57117.6595876703	270506572.239165
"244"	-0.000787990594508535	-0.00952464461076431	-0.0880084733231927	-1.84172784324253e+21	3525268670.9094	1577087015.23275	-120199153.428427	867117514.136113	645020.294950435	-885506.473180964	5252212.00308528	-801067.739737604	4525084.88521333	98748806.4041582
"245"	0.100235232751059	0.0509226634411446	-0.913143276876067	6.61137506771633e+22	2738779097.34264	7834060331.97414	-14258677.9746748	33034818.1252367	499761.340320915	-1917593.34047166	-848345.884534255	-3888826.72998671	2005978.90181548	314876566.425829
"246"	-0.0582521434793548	-0.045156803749876	-0.338271527254108	1.17511128518941e+22	2775718487.04942	-160788588.10705	116962670.386487	413570997.084585	-49704.8174745649	-452553.709105083	-1644082.67230819	-290611.103313665	961300.919051708	92000995.0750104
"247"	0.0798752736012838	0.0429255362066552	-2.75105769591457	1.35254649053581e+21	36705684.205188	176769153.802124	-81719116.1480922	-16755436.3381339	-206603.263219377	-391666.014659661	-1839810.21593118	1070674.864994	47834.1067252917	870335744.804942
"248"	-0.0613367147796527	-0.0586930226481446	-0.0517745382046617	2.75091504439102e+20	4318700706.77031	1764970382.99063	-1932894.27997912	260207869.576834	759976.556747824	1709519.96519238	-4981571.6031403	1244174.4744803	1158251.97850482	97191253.4563821
"249"	-0.0112814498141703	-0.0145007984094709	0.421732096309745	-82520766656103596032	770765606.08721	1124299632.64102	101368360.678443	44903788.1503479	-100252.752201894	-147889.462943926	-3193191.83069662	-1398091.59801646	2770127.66589764	267309638.215719
"250"	-0.0843768558261146	0.0179141612857923	0.136831497142371	-2.60334175062019e+20	164175575.989916	341738130.504165	-89114179.7704664	673363452.804593	-245406.377777289	-174708.337031543	-2456142.29739915	-81333.9107943797	930440.964596016	216071202.20629
