"V1"	"V2"	"V3"	"V4"	"V5"	"V6"	"V7"	"V8"	"V9"	"V10"	"V11"	"V12"	"V13"	"V14"	"V15"
"1"	-5.3971408963079	1.41516521226975	-13.817590233066	5.65645113561399	4.63087296087153	5.15047943294734	3.72584188479554e+26	-1.15224009480258e+31	-1.00872291950887e+29	34161893939013368	-284118281576.316	9309101889.91683	52226423377.7344	-226646349113895	-201287327.813024
"2"	-0.437465916874935	3.6093942101386	-17.6833569175943	13.2751969336154	0.0209006668509843	18.5077352126234	3.67730526896245e+28	-5.7952512466532e+29	1.13999607966553e+30	24334228974304592	-17885145513.9904	206321981.963036	693945968.093097	18470710249104.1	16458297.133935
"3"	-0.413860634916281	-0.262598897047429	-19.2543592887488	-1.20611745884626	-3.48415457742859	-6.20936747859246	2.50480551901978e+26	1.53410713853216e+30	6.86406477157088e+29	37251123932918160	-2940982682.76263	4855805581.1591	7703559021.86049	-90638575166704.1	-65352297.4056799
"4"	-4.39965660912045e+20	-8.83270411865369e+20	2.352936842844e+21	9331.89676759603	32082.1077719003	3696.18975297592	1.28083502606121e+35	-2.03216727348074e+38	-6.52542526265977e+35	12222962738628954	7596122365.52126	-15667881489.0952	-14035552590.4727	224587581288404	27483608.5378478
"5"	-0.902301933048419	11.1672422669274	-26.8808734082074	-1208.59452669612	59273.1715648825	-3890.91511185937	-5.74921955405192e+27	7.95497282581288e+32	1.0429074809934e+33	66514217900115888	-12122493283.2702	20073589416.5186	12670373876.1964	-570787584492551	-442116483.831538
"6"	-0.090448226319482	1.70022692012117	-2.86103005338595	6.36845865940902	3.39855033956179	3.42821532869842	1.21420758404892e+26	5.0197740842387e+29	4.4296511263502e+30	9290705162226970	134728629772.896	1733621597.41478	-70925720297.5679	-59674913701865.8	-42918178.8166513
"7"	-2.03550767832803e+23	5.55417270970668e+22	-8.04650478330723e+23	4299.37596701125	86472.804925296	14272.7778308485	-1.64912682267012e+37	-1.77396942486291e+38	-3.79415876729975e+39	39841640901532720	82376278751.5967	-163288318145.972	-12615428186.4377	815449025150333	312820547.84594
"8"	-7.79726648345518e+21	-4.51077808739928e+21	-1.53119362598533e+22	876.306524023558	91463.4425170236	24063.0830006264	2.92906094357716e+35	1.75760413428058e+37	2.06657798512399e+37	41714787859517776	334605833539.057	-51515291146.8455	-16580031627.9121	319997761958816	237168049.0655
"9"	-4.04098852470144e+20	69654195040287236096	-2.92194626397937e+20	-3072.78521783055	-36624.6079983714	-10740.0369110355	1.06994801855405e+36	-2.27538321642668e+37	-6.89052335705932e+34	28184190227802300	19561648258.6739	-98054354741.546	-3605897945.61142	338245905004358	203238548.552615
"10"	-3.01130387201145e+21	-1.15565058838098e+22	9.71135196720421e+21	12463.259051933	30578.2998952074	-9266.39465401808	2.25902658978663e+36	1.39570432705334e+37	-4.30180344671939e+37	22976757837976784	4074088418.73503	-63702450133.8354	-9692385052.10576	377131961137221	90861929.8071526
"11"	58.7547477572284	3.99926851640063	-7.12888550191879	39.9920528279524	21.0128259399422	6.12109229925627	-1.88196153640592e+27	-7.41589827804663e+32	-1.67846984038623e+31	31694318095677664	-4774627605765.96	3670380779.94056	277374369328.903	-84123018719289	-94713208.8090342
"12"	-0.845933113287217	1.18909359093207	-4.46564400299025	15.5889615270708	1.01444561232897	-6.99549466639018	6.76319980136859e+26	-3.83672342915531e+29	-2.70685894390403e+30	7113469602552180	-6882900726.86459	21375594607.4872	-2699131173.00268	118826195794084	2954798.29164489
"13"	-2.04505509647231	1.33375342412066	-50.5577855652036	4.28254131824886	-2.81307717266737	15.3689995478782	-2.74633435133427e+25	-1.39349485154539e+30	-1.26854203821921e+30	27446564066976724	-106011520352.801	2001389336.54814	14140088940.1549	51568058577480.1	41203613.9653231
"14"	-8.08813548050141	3.61448498106177	-0.817923166310825	5821.42899894789	-9050.34151220179	-4688.6254373592	-8.10313215117537e+27	-8.0630074040238e+37	7.7934601019046e+33	8152074061902553	-9621945328.45741	56874215144.0634	3015503574.56359	-768355978694608	122377064.423585
"15"	-0.0580221297379208	1.41350973803441	-15.8379212662938	6.17793062311113	2.63507494219981	-7.78471426313278	-1.62966925929891e+26	-3.06007437612783e+30	3.63710489071423e+29	33758206174109760	-219452663813.053	1261978893.17271	66973476557.8278	-68310028848015.4	-31933344.535518
"16"	-0.105288188895164	-4.27714340555981	-4.81296395988709	1.1091310108659	-3.13046119488343	-1.11854144873454	-9.42909735223845e+27	6.21856540019321e+30	3.55470853079717e+30	20687950932504500	-69046705281.7011	795374730.899998	25052334809.0129	-40756263045300	-49895075.3265448
"17"	-898.33520192459	4.59186290822592	-15.3969795563034	4304.75630913702	36439.5623839972	211.510976331584	-1.77527755412487e+28	5.48802196649761e+35	-5.83390666381541e+32	7883336675632836	-67218195204.5536	14382072553.1778	-162299507748.717	-379133136848854	-234516061.308834
"18"	1.8912173745519	6.24210213724352	-2.50768013087779	23.8208570437875	0.472330323014536	12.8599380072909	-5.29606033665711e+26	-6.33447547030774e+30	8.75256586158549e+29	17040109316118188	3011816545.47511	12449086324.2933	-7062697187.67769	-75511142780607.3	-215605699.502546
"19"	2.91647209830279	2.48724009315054	-185.493332016717	-3473.97874570909	23080.7434295625	3714.46925998668	-6.51798907715717e+28	7.7941399142466e+37	-4.42505803502875e+34	2578565292899732	-524216750361.298	-41313366774.1864	37085794924.7074	104826530019149	41063612.3690539
"20"	-0.410070648781787	0.431674272273983	-44.0003052125797	6.18872028183145	2.55037636182335	14.7389672661229	8.63233829642818e+24	1.76644852458657e+30	4.57532039884903e+29	56574645199655648	-793475603588.765	3394426444.79754	104309826715.296	-84803295427219.6	-117762084.127603
"21"	-1.94138731702774e+20	-1.51055771227983e+20	-9.06989809437298e+20	4084.95990436253	-115638.615930185	8189.50741289155	-1.0278649670484e+36	3.90300656474295e+38	5.84351375349337e+37	52334883310333920	60382336539.7472	-10844672945.4306	-27423379127.6112	388692865158059	76918986.9911848
"22"	-33.395329291609	-1.24455921650929	-2.11947292151041	-294.917476968872	-37909.7078025137	3425.60770456658	4.91736455869232e+31	2.81727305929441e+35	-1.89801570212853e+36	28381078430491672	15104860406.5332	335957959009.875	-19898900005.5185	113942719000934	107898744.143314
"23"	38762296520615567360	-1920549970611540992	77225673310733615104	2183.73026355169	65588.1611351047	13504.9521854749	8.87058325445247e+35	-2.92586906149497e+36	7.0048027044323e+34	54747972543740584	284592748282.916	-27552865435.8707	-290715316265.412	300768086866767	182282716.585555
"24"	-0.274276830302856	5.49243077057109	-8.5551994197089	12.8347686509193	1.92732253354373	18.1811808371784	-3.85235806806809e+27	2.42071184263921e+29	7.15170583911946e+29	17576937927672056	-112286030360.234	5097821832.59331	34385059806.5528	65689405583126.5	46456273.2579031
"25"	-23.194407369832	62.7136490656149	-50.8978161976062	4062.47944941362	104137.721585344	22279.5967785466	-1.89306804291271e+29	9.4726682693273e+35	-4.94026049257118e+31	143597309418833664	-797005500114.758	-54030047077.141	116618657036.997	257735905511968	147019944.081533
"26"	-84.1934810080638	13.5389766784496	-15.5845895922018	-535.080990721786	1316.65640493084	3386.83075888129	8.59875093975699e+27	-3.68149897768682e+32	-5.41703865738698e+32	33664731040467536	23185666508.0678	65078596409.3662	3834558658.70445	-3850864370008830	-2513548813.3769
"27"	-1.29784675963468	12.3923796122506	-52.7470398906978	2.44090272006	5.7499182091338	11.6908750030836	9.98455214731031e+26	1.05148029014986e+30	1.9726482566605e+30	46413690780864120	-72111239795.9248	1905112793.59288	7351429227.40949	-84698239676150.4	-80366445.2418277
"28"	-1.98523384863328e+20	2.21002344770582e+21	-1.12799631126985e+22	4624.45784053638	65507.4488274794	5441.16910411805	-1.41503323207017e+35	-4.25694564348552e+37	3.36074546227002e+35	47528348617379296	31166049644.5458	-9438540412.67249	28417335137.4721	142115523523618	84464811.2269026
"29"	-0.238339087147102	2.38182718212851	-25.5960918441015	10.0160637262281	1.88299206991204	1.78968425533842	8.22962114437803e+27	1.75971002697527e+29	-1.39181069012859e+29	52535449145323600	-51235605607.2768	55209043.3393412	23675814910.9194	5912260519182.38	4802194.83442897
"30"	-28.691535551509	1.75229641698267	-4.85946440102976	12.6376498305733	2.02700450537238	-6.75302692422312	-1.91638367782114e+28	1.56226068943239e+32	-9.82740619833329e+30	18151314627872944	20541265469.148	970282037.128647	-25690118296.923	21028707352567.9	16238650.6658412
"31"	7.40946938774225e+20	-2.90934683767384e+20	2.21247762538433e+20	6992.78915717351	113600.845919966	41422.9797527482	2.53173122776922e+36	-2.24990366146247e+37	-1.46974433579566e+63	31576000153623592	28453010676.5454	70138344805.5755	-28407737488.2801	593842681018473	110697392.553619
"32"	-5.18886037322693e+22	-5.25993142031171e+21	2.44634230695245e+22	3920.05243112983	7654.04344444904	-942.963511712859	4.64150149740502e+35	9.23489997634579e+37	-2.4722987053481e+38	30643005061719184	12865860758.9844	-37671773989.7975	-12766342203.3846	225770318397891	13247208.12584
"33"	88415893624760877056	7944718723150209024	1.20001401693566e+20	2232.10468569184	15561.1321019416	5925.97838136171	1.10768960113502e+35	-1.18137557844495e+39	2.39814636322022e+35	22390115260946808	15479238739.0158	-128894276707.028	-39388648570.2467	277327283863531	206252741.57706
"34"	-4.42232572496695e+21	-1.64801095374199e+21	-2.05791245928957e+22	2729.50388546497	-66791.3865618117	20674.2271341188	-1.36753477914659e+37	3.2863714362715e+37	-5.17297723796874e+35	15405340956787054	18618495315.5567	-73329412870.9218	-4730557710.93221	322381135674461	178335617.476091
"35"	8.02434071034188e+20	-8.7109874163929e+19	2.8599635157803e+20	935.976014480115	94254.2046330561	10763.2916809444	-9.5685517330474e+35	-1.16661219498798e+37	3.89320184798522e+53	51859697923103928	246142163129.835	-58362779169.7925	-135927183129.512	256525188877487	147802269.711423
"36"	-40.5298262752599	-35.977339696703	-34.1426075600558	4.78907036339461	-1.08473861222816	-26.0273810808759	3.47436270877268e+28	-5.75718175573478e+30	-6.29410303177702e+32	-17957093405206114	-150892715929.827	313055094049.384	33791145678.5443	159312208692382	76841194.5491185
"37"	99079864645671567360	-28839751948494282752	1.14328924536193e+20	87.061163528127	3658.44747318172	1863.54335286872	1.81737541370201e+35	8.78767325664634e+37	-1.62643680361603e+35	34717614181579288	-4552375189.84019	-103707667666.819	-23048863145.7388	202744079834663	172853497.667248
"38"	-0.0734441126118761	28.7645154234469	-37.8274155915998	6.5393456046967	5.21291064301591	12.1576728471472	2.44084508681668e+26	1.8637776014979e+30	1.24482843634858e+29	12968426099323246	-57397004800.5961	5714711456.12074	23734832039.8567	-101772764222341	-129305796.503098
"39"	1.02314784421108e+20	-12968763215734251520	5.8800666256227e+19	-2193.20294192341	148816.787196681	16214.2159147771	-9.61077969909884e+36	-2.56761013162304e+37	5.05274879954775e+34	46274264286218528	453872328679.607	-37894880792.5546	-212540074188.867	506035294671896	162472893.152968
"40"	-1.02477913047854	-8.52671708948815	-29.1064190381846	-0.485445926960703	0.407781401143552	-9.24081982461354	-3.97064179575693e+26	-6.29309108371672e+31	-8.45324823232965e+29	27305705461609452	-9508926982.40426	1024819771.55379	9585801863.85698	48283736149458.7	34381107.3255009
"41"	-0.709977161695539	3.63372542817054	-58.4867904791984	588.858943773156	17297.2277384783	-192.098152949662	4.82461419890853e+27	1.32336686564133e+32	-5.0648580672309e+29	65441346416431264	-13707634872.912	22473313927.4938	23340178468.6145	-219458905245318	-216592320.898908
"42"	-2.32897083087376	2.59518899310265	-21.5884343442762	6.89509121742691	5.3637028196816	-3.56210822615773	2.68627565375478e+27	1.81043859825589e+31	3.02565967831705e+32	39613522165685424	-91681989306.4783	2777285456.32072	5018440220.54017	39220446004230.6	16677284.1155764
"43"	-29767616123114676224	2.00500488399749e+20	-9.54405189101291e+20	12761.8707183019	140033.748085903	11511.426240732	3.54710492862064e+36	5.80669543874131e+36	7.79540729309514e+37	33299912163697472	115312426337.009	-76617499640.3432	10857418767.8213	193737928811771	230773689.091135
"44"	-45713837780909432832	-84418293565336797184	2.41357942283729e+20	1676.57204224769	83018.9769978763	9111.29582434949	1.00858812775904e+35	8.65766979591843e+38	2.42640903755673e+38	30336507333544592	500307715674.714	-116864852172.679	-136184450500.912	242026119634071	51434976.2054934
"45"	-1.61526332653678e+22	-1.59064093308497e+22	3.65751784395116e+22	3441.87653828996	38172.5850495007	7008.75896603992	1.21947043634953e+36	-8.34412935895469e+38	2.41843458584658e+38	37539160837499560	154771655647.441	-136711529762.903	-59773634287.6202	215808318266948	91370730.2898553
"46"	-9.69829212754442	4.90504795561784	-8.43524324238269	2.18691641295997	-7.40063291709976	19.344209286215	6.44628202845043e+25	4.5811990162705e+31	2.37117326291167e+30	37513841067732360	127907948868.416	153649372.497827	-62965649420.5925	18708752962328.7	14329373.5538175
"47"	189.522186582118	33.2429969424207	-43.4032600707998	5259.18958984786	62910.9031850977	-2537.80755958793	-7.32776787579575e+28	1.03061922799654e+33	1.3546238235605e+34	42382194089749128	-42860359237.17	10663911175.0974	27530608980.5095	-243263981581811	200952272.937797
"48"	-622.130755712982	0.727679855254168	-2.51636876877473	6.51289582578218	-0.588373813798256	-8.94817657140731	1.54394182426156e+27	-1.42300085391954e+30	-2.29102563539716e+30	9743070341348388	229146052745.361	20354815318.2761	-278672149250.281	104843861624952	19691107.1930514
"49"	-2.53594343573755e+22	-2.59102557551659e+21	6.30425066020156e+21	10323.3731815716	-68175.7405823954	29797.9184075545	2.09583341079638e+34	2.24990306202067e+37	-9.85278963082868e+43	23787643374573076	37726229713.5612	100797161789.746	-34780038271.6051	339148373398506	82365350.8884607
"50"	306.047140726942	0.385671248902952	-5.59029784204381	4.31438800612854	4.99187961178155	6.34330984401782	1.90554928942356e+26	-8.5495170058472e+30	1.2735095774911e+30	28016073515816020	-485550925516.106	1830304907.25514	58380142829.8171	-70935325048573	-35078500.3873513
"51"	-129.463034429014	0.924796742297639	-29.1968630416452	2954.64191863797	81211.5883291166	13634.9561659177	7.43284695949558e+28	2.49896199937909e+38	-2.8003156623463e+32	26184820379303844	-78468591097.87	-96510375364.5887	17930873317.0063	264805881628268	215667426.509775
"52"	-6.10194476336026	12.0262790207742	-26.0754491034444	21.3650777756476	-0.162816108205214	3.47799389492422	-4.42526799568987e+26	5.10100204202794e+29	7.64069050964163e+29	11440311230183172	-19727091499.9939	25308691339.4979	2156454237.6916	108650177861855	146841182.90804
"53"	78.8855164929797	23.622531550786	-31.9008364002891	4842.65377049989	42002.293811333	9018.23979782048	1.06294190790051e+32	-1.36691083806167e+36	-2.2338524945035e+32	47058966135813752	5946770236.15682	18029353863.7127	16200055246.6288	-216571486099883	-259874509.258609
"54"	-0.179108020911126	0.0333439088678497	-3.65655954339861	9.52667302846637	-7.30372980360776	15.0215965603772	4.29869973197873e+25	-8.90448852281649e+30	-2.80162730660721e+29	18507739083109176	-82521036759.3961	3918631185.09626	45847196202.4951	-59516883996188.2	2421017.8573955
"55"	-3.12882973695445	-37.3385932312534	-21.5217503435792	0.777634322052015	2.30563264483875	7.71459155463631	2.85383118296357e+26	-2.30335733482455e+28	-2.62951764414745e+27	26757269178473052	721867086752.664	207917756.604409	86119398784.032	17496358041274.5	5906862.03522014
"56"	-0.523774856213224	17.8133519967451	-22.2979323469549	22.9999692604078	4.34463255295659	8.73846497013541	1.26262154065759e+25	2.1574899733766e+31	3.15604764540382e+29	25986727772821532	-41241510424.5592	5821950174.77108	12683255793.3646	86096408166316.6	23536312.0314625
"57"	-9.4174550872786e+23	-1.92970539212196e+22	8.28749998985146e+22	-414.672459994785	39192.3906570082	10696.5931976209	9.10610697744433e+35	3.69464382007153e+38	-8.11540278667002e+38	25180546029105248	218428630122.814	-119095506336.51	-67169879745.1907	427952813648842	211917692.458819
"58"	97473274342414106624	-2.30208107758561e+20	6.47211156562493e+20	12663.0785977459	44127.1158991886	1316.63820661504	7.77216625590091e+35	9.58124868060052e+36	1.39161688261297e+35	43470933807561800	-2989725873.29348	30529862721.5476	-7695873073.46288	320855380402957	122898665.686249
"59"	-5.268698656277e+21	-9.31805012663346e+20	-2.21556679331629e+22	-2612.38554636262	32057.2691357338	9740.75376888522	-1.93860194250775e+35	1.53359693015849e+37	-1.40689293604859e+35	31151486913661136	296562029350.158	-52787125711.4487	-52926148470.287	221564933532309	101425110.84939
"60"	2.14744441284472e+22	8.88309775664066e+20	3.00168385057783e+21	-10839.4723496721	-38391.8206664462	10320.298289733	-3.45450732179603e+36	1.94637415842582e+36	1.95557160497179e+38	20893154509671792	197678304924.378	-105820638558.114	-71336554917.93	397585353141762	230533942.443607
"61"	-1.45393220607394e+20	-3.74495211390701e+20	-3.11051116118287e+22	4852.4681865572	6852.25641580869	6509.99509173081	3.49580296299482e+36	-3.79103667298637e+39	1.51254728720837e+37	39734611335432120	50847978839.1887	-38538139734.2897	-7856423748.63325	302768093844841	221269278.355032
"62"	-5.74239604071481	-0.34380668951936	-1.68394063748978	0.870108646442737	3.62483613438491	-6.50164873555648	-3.50912194308612e+27	9.59966199799634e+30	3.01501014177402e+30	29064478804040456	171829075829.539	17536168017.1711	-96421098700.3941	95475745422781	49399212.6555705
"63"	1.41620719295821e+20	-83491117900554731520	1.62448481462492e+20	4650.16157581035	78853.6226682111	-3973.13806704347	3.251646417877e+36	-9.10990472707845e+36	-4.54228905986838e+61	35003287471570412	19492063024.2298	-101025856145.879	-37939907123.0814	523809005903764	181108509.992834
"64"	3.02787971629855e+20	-47311278147506249728	4.57423615899831e+20	2364.9620255304	75332.9156491811	-1836.27022210827	5.1071225496768e+35	-4.71285011264039e+37	2.18485296081615e+35	64460255437607120	84348260501.2193	-78779889092.8028	-80246685850.093	518915316473897	255021946.633168
"65"	-1.96533557220083e+21	1.12079292390844e+22	-7.91217304744097e+22	13064.270112957	-13486.2301767974	9103.9319701977	-2.599460348486e+36	5.3993875083896e+36	-1.63625094781088e+40	29590423138933280	7744910087.81498	32343407843.25	-8986937147.84009	556856983891991	90634137.9487689
"66"	-1.83873850090324e+22	-5.18243401091149e+21	3.43661651516795e+21	8841.2548031034	35924.4876442165	9182.54531220648	-1.31814357585033e+35	-1.34758488598361e+37	-2.37924588591731e+38	21107750255281844	29887561896.4266	-84266805918.7499	-28522768307.3641	442278276800730	173540829.838971
"67"	1.06536700198226	0.0883058023790902	-15.1966786029519	8391.95279960829	-45102.5818357905	4167.76969283058	1.8165644135296e+32	-1.10201918296884e+37	1.59546258012995e+36	26962614788582896	-37007310911.7579	-75833734891.6548	-2827166786.73212	201299813541593	102131740.238357
"68"	-42.7562925996377	4.83193019893436	-3.24246388220033	5710.01180478794	15504.7410130392	-2049.95023771435	-7.58538566992391e+32	9.0394945434225e+30	7.9066154891817e+31	23721419483142888	15093729740.7677	34585665765.655	-28325564492.2012	-404143408096848	814283746.400706
"69"	-1.39832325304276e+20	1.54207611383115e+20	-5.45353204576357e+20	11289.6596509248	36120.8819223671	-851.455457250067	9.45734400490447e+36	-1.54496997700512e+40	5.81740184294308e+38	36957898740493848	16766803656.2876	-51435532808.2645	-10372346359.2733	220091462533535	83587923.7463757
"70"	0.0597467488084391	42.1616187112264	-4.95647724813951	5.15389722706595	6.1304607298102	9.56706942097484	-1.40266263629973e+27	-2.55537672464603e+28	-6.53268435675215e+29	27949956685673468	-56238265523.9617	-38746904.3166388	29975525852.487	-7694621440409.88	-5892039.95743915
"71"	-1.62414241623313	3.6114578114347	-21.713805425389	11.8205584031754	1.15549516609839	21.5958628572717	-3.89948366261394e+26	5.49886561165721e+30	-1.52808346882862e+30	85677825112598768	-533951735872.422	3435230725.78918	98835333586.5395	74138541528153.4	62239656.53969
"72"	0.0819860668431259	-4.52771599756765	-30.9029036536816	2691.49396182048	-10605.8603188364	4538.32841381063	-7.93425655029807e+32	-2.84975486656359e+37	4.25347893477252e+33	25014245740842872	-154157074568.691	31599513984.1199	10799042071.8983	-423814130382648	-362329776.969451
"73"	-128.27004037984	2.8008461076278	-5.09410561575948	3.97973582588645	4.85082236308184	-23.1561530847538	1.38524440005971e+27	5.28967674382541e+31	7.31373059773648e+31	34808277981066052	76010981638.2095	80475497329.6436	31093012776.5462	233452414838236	132234663.212536
"74"	-1.23861702432668e+21	1.21900834306552e+22	-7.10114150482386e+22	5645.3071584957	87841.3582487559	5276.45550240136	-5.25717874215767e+35	3.10183110982749e+40	-1.33755200580075e+35	96732043809434912	199174975970.744	-65481002835.3447	-61047515912.4065	425925967498674	159818508.358941
"75"	2.56423094688311e+22	-5.71990126193809e+21	-1.0996144581284e+22	5159.35336995227	6884.48942036398	-3839.13334763726	2.5055683084447e+34	4.78351656762852e+38	-4.62395962973238e+34	12703900901919398	32164921719.1238	13115033653.8044	-30298718639.5462	-205535582870330	-4428449.22270307
"76"	-6.53126332546946	0.711694148746504	-45.9389182347355	22.3474385416467	14.4340848939311	-37.5433288430538	-2.50454636636089e+27	-2.04597361639471e+30	-5.15401118428822e+32	52438858720445632	-134568244828.881	1152930927.76419	19584818724.1377	38235053218931.6	26750391.0657283
"77"	-1.52136768265909e+21	8.94354965769332e+21	-3.85246872346579e+22	13992.8572350439	18631.1233346272	13198.9879081097	-7.23943487882892e+35	4.54342594985328e+37	-2.6390776087771e+38	12232676190381252	48276194650.6544	-34797799838.8154	-30049017369.697	456106513558809	159517995.181411
"78"	-154.929587369523	2.80968947527349	-9.31038319577766	-0.943138595368135	9.0694108865027	6.47523574913869	-2.51602927384611e+27	-2.03381165961888e+31	1.33623524342455e+30	37624767699308136	-128202455187.37	307458029010.596	43574825160.1115	185932418147014	108625802.628872
"79"	-2.25409216253291e+20	-3.18230109963223e+20	-5.30844488351844e+20	2276.957979239	-86727.322915352	4406.3046273496	6.2916552384145e+35	1.92298247754744e+35	-8.37613678242308e+36	28764357909212888	52576095608.1369	-60903316573.7981	-12952388634.4212	253812253454166	127913588.807651
"80"	0.96690038535085	4.30384649674396	-12.9218817218975	11.0780639597887	-2.10175612740461	-23.8383048221704	3.20495542695053e+26	1.43608681942441e+29	-6.61801751230117e+29	36152445319674744	-27149812117.082	44297953486.2687	5193318825.39654	141469960354334	37359362.3026531
"81"	-2.15216193217507e+20	3.24959768401919e+20	-1.82341639170104e+21	8481.58921444032	12088.3977880419	-6331.92294080306	-5.20326306157374e+34	-1.98995818758721e+36	5.92892170857453e+34	19206979890403812	33889524359.7398	-72162657260.312	-21537071655.9849	194591935757898	118324949.237345
"82"	1.32240733390136e+20	-7.10180258150352e+21	1.63552005874799e+22	8755.48598670225	38305.8062693242	-4969.36142901852	-4.6755993609978e+33	-7.39680675616468e+35	-1.92521046698403e+37	30970801319299232	3073867926.10776	28845302738.8831	-3267998011.09516	-635996990937475	-299882252.211974
"83"	-44.1149170352229	8.82401953411189	-14.7153191377048	8024.95518211845	59130.8462503868	21239.2794167109	1.60383185896335e+28	3.22805943684578e+32	7.0205024587482e+32	51519512002388000	1670071276398.99	4553799100.15632	3621497005818.88	-221192024977350	-219490692.441341
"84"	0.0637933173322992	1.24121013609833	-10.5857930931911	10.8993017164774	2.51985690913197	9.14326916605016	8.34063397217927e+25	-7.50491673065623e+29	-3.0508064615461e+28	51308424003706232	255278387317.473	4293893868.09602	-143054723488.903	56253567122466.9	69526656.3737315
"85"	-57243905942781804544	1308142075788770048	-2.15455108878789e+20	5108.7856596818	28575.9624175403	10265.8037129017	-2.02771601854397e+35	-6.55065475333962e+36	7.30805023490165e+34	52853915781184264	137534827701.73	-51921780730.1935	-6691638465.09395	356069236041866	210900490.473946
"86"	-15.1052789517384	4.08148386730539	-8.38960759364863	10.0864837640474	5.38297834677755	1.40898949643548	3.57429994202659e+25	-1.09889277724e+30	-2.60564252417571e+30	26141314753206956	58995955767.9435	4656001362.38271	-30192033152.195	61777800533652.9	28301546.8291492
"87"	5.63498155097453e+23	3.37324923110696e+24	9.9851625015922e+25	7129.8931653991	40811.5408830631	-4600.48160503671	3.74877970687439e+34	-9.7777322423466e+38	9.09214007336142e+37	23878733853311080	5246005201.73657	47348490484.1108	-12565706982.315	-341642714684837	-451036449.134689
"88"	-6.19252783315243e+20	1.36983139571177e+21	-3.33307153997619e+21	11290.1040015789	57044.1008038786	-1665.61837630295	3.11223708010456e+36	-7.36561951191703e+39	2.364080920479e+35	15013341507482328	9299389420.22576	-42994768941.5879	-5710269976.84347	366556595747418	146832377.260887
"89"	2.5526837201103e+23	-2.45259647252372e+22	2.94767355927153e+23	3106.87707999677	-8708.4699344832	-10928.9921251887	-8.92389785094788e+34	2.4877854483426e+39	1.2507695148448e+40	22283892112095352	1389778671.41855	-35446991210.1916	-5683050954.62303	344361015145353	88547570.3519088
"90"	1.22039074784181e+23	1.45114075687358e+23	-2.18313857785335e+23	4536.70749741794	72177.500173892	7126.27671066305	-2.77671618511062e+36	-7.57347020473009e+37	6.95754545834237e+34	22920251967218352	439972311997.876	31350182588.4596	-128058555324.532	-504324903120612	329723363.134035
"91"	-7.22492909222208e+23	-9.32985837098822e+21	7.23078102740139e+22	4734.55624278191	87086.2347350591	5420.03580061776	3.43698861769844e+35	-1.06132383057347e+38	4.47558989542281e+47	38013087948180968	56545297076.0995	-1560491538.8441	-8995453132.7705	226764473662989	81648757.9986147
"92"	59958218946776260608	27798004420960710656	51472297323309776896	-1991.4953663156	27798.9433411119	34941.9129652639	-3.16883551058272e+35	-4.52312048550428e+37	-9.32248270550494e+60	17946744031282886	36985895559.2521	-54886262690.3978	72741577581.6525	486327692900147	194420734.582473
"93"	2.00883637747191e+20	-45185250376254889984	1.88637042700658e+20	4399.40764252834	71597.7792336276	6751.02178153248	1.06165735829356e+36	-2.04277610733837e+39	-1.7801906504161e+59	63220677063346064	36393678369.1879	-37341538284.0135	-59384426409.0172	340750295505373	166661440.296408
"94"	-0.38864326281762	-1.22478239194567	-37.3802174239632	-4.41993634263351	2.28251334077649	-2.86390136671964	2.19363785915241e+27	1.09837038246536e+30	8.48121674174366e+29	23511323151049856	-18934391087.6619	237656748.348547	5565676151.71323	33264498741964.4	10035222.3030366
"95"	-6.4164823461749e+19	57442483658886602752	-5.1222242334538e+20	1986.41814268633	90821.8334075807	4992.90976856671	3.5966445432052e+35	5.56881719020892e+39	-1.7345161542286e+39	77451210769404768	348911599832.152	-91435067749.5503	-45502375435.0531	443135020340923	64248699.765808
"96"	-2.08649157509826	15.4808599566353	-34.2587171612448	26.2580561093545	-5.77195858050299	16.3076899649828	4.78224290889262e+28	3.67497813148615e+30	-8.19390017007916e+30	36018320663116172	-37322184061.2841	66709146741.7145	5920267766.24598	151437738406953	206283702.373422
"97"	-73.3391023135989	11.1783094910497	-18.4706965645984	6341.86391506956	83340.747802604	2977.96529386239	1.63573764249761e+32	-1.792234976711e+32	6.8098576444444e+30	9282212104348896	-84810964150.0599	24047425855.0555	30974120873.448	-767003338392407	1215858063.55688
"98"	5.40410110008143	17.258642772268	-35.6408674406467	14.6180554080304	0.991857788002022	6.6963119800485	-1.99172928477316e+27	3.38195195390371e+31	9.62066023593523e+29	26803758516578576	-128230059712.343	3608619357.5291	18560986849.8887	-74373262437622.3	14274308.9498387
"99"	-1.31865101051902e+20	1.87099250364753e+20	-6.15797859358933e+20	6716.55934686496	-29480.2913818002	-2717.94665229662	2.1822765857918e+35	3.43394316705522e+41	-2.66351932889083e+35	10582772639230626	10924441951.6452	-61465658581.8906	-4947270425.29232	263168294279681	155029039.329282
"100"	6.2129861293851	-11.2414950859528	-31.0368742482891	430.655565640433	41413.328243689	-537.929245535283	-1.16550587871346e+34	-5.13146957453351e+36	5.56373235677659e+34	8807858118888147	-93820091921.1463	22021074278.6829	23791165510.5864	-309325780727278	-152852952.476289
"101"	-0.405989921196949	2.47248753787585	-33.47774761528	17.9099693024675	12.5695493157063	-1.06497998689012	-1.19573231412041e+26	1.03902825817394e+30	5.53826377360002e+29	39105879902431720	-666296267.468762	4036804741.33563	2748562430.10106	-102871582198798	-87240460.2064167
"102"	-23.0196874730088	11.6891576949198	-9.52247674840165	1522.77070388067	61426.8696964514	3486.41613273733	5.13268383106972e+28	-4.7027845448578e+36	-8.88944170711769e+32	6648385044288793	-113936995368.156	55519586903.2375	27310027942.9545	-655466744813758	394286644.351267
"103"	-749.092777028977	3.72285211924277	-7.69081326751402	10.3761344958973	11.5137325495471	4.56669771198593	3.88914880698291e+27	4.57066361394207e+31	4.79110952314374e+29	34612215830845260	-161978786186.463	720726342.006577	49930259470.379	-36017383470601	-21102294.3171564
"104"	-8.56950366058499e+20	4.28927377087327e+20	-2.2897780320596e+21	3009.93713062079	6642.90420267619	6308.69360741698	-3.7784195100464e+33	-3.91590457665706e+38	-3.74318506442983e+48	43437731121389120	230349482321.761	25608360166.4886	-125062817380.103	-481339482175836	1052498785.94984
"105"	-1.47407803277821	-1.36571359531661	-6.06476952980959	2.76647553262658	-2.91744925198883	-0.948052846569456	-6.65412955028319e+26	1.43872847217028e+30	-1.38797856548675e+31	3603624423771942	-46318469243.1738	30654258929.4284	3754945816.8514	164711489073568	64784176.3959772
"106"	17.871666207693	0.499525019361711	-40.1519351837964	0.16787853128594	14.387265852895	12.6258264193704	-3.49075673127731e+28	-2.37574950498233e+32	1.34726812080807e+31	56787797545086488	-969132627479.311	156561423988.682	65561109255.3493	136759972702572	120163799.404624
"107"	-251.16433241667	4.19194447038064	-2.68431132477	6340.44205324912	-19355.4911774046	-1391.1527027801	-4.99328324143479e+28	-2.41636321145606e+31	-9.15163135630488e+31	19759637106879960	-849225664.790545	-166149998036.801	-7238196671.92172	251525016980512	79178475.4393072
"108"	-1.58880580223997e+21	1.13987131315864e+21	-1.26368837949758e+22	7847.23010255695	76048.3911209376	4351.49425938868	9.02912948256291e+36	5.50558031628681e+38	-1.15278711170629e+61	38804729355260264	30744777906.8539	-73418235064.7534	6731016083.8966	374735248490864	152997191.205748
"109"	-2.76612773238693	2.35028240780739	-19.0073353757708	4.24366522928994	2.81543025296697	5.34087993711382	-1.41199146766871e+27	1.89256933778729e+30	5.33964206214856e+29	61747864394025784	-228007750996.832	31136007818.1684	41498756595.7853	124283741785034	7654529.65873429
"110"	-1.11982769377729e+20	1.31267426554673e+20	-4.01319583150365e+20	12389.1639165708	-18623.5696456881	-6741.17078608548	-1.29652808123651e+35	-1.39397284112593e+38	3.46870862771552e+37	23245326038062552	2823723915.70577	-95051823704.3089	-3646310967.76226	443008900641438	234955670.125267
"111"	1.37649544875382e+21	1.809760162337e+20	4.58009425194489e+21	293.38455717714	-7500.05141369093	-472.709842359802	-2.21459620425903e+36	-2.263956020744e+39	-5.04628304331587e+34	30600289369341312	57599160729.6348	2088472502.56746	-24905406992.3168	-114247118178750	-73014026.056741
"112"	-0.0227416103104435	11.6886800142026	-12.2677446808228	3892.50078791962	112483.058596858	6244.55789244547	2.61545326895269e+28	5.9181242264247e+35	1.65487723249208e+32	55571632876491784	-106011881147.082	-188429229653.593	22544088183.9842	207273323569932	133412406.202514
"113"	-0.797581032789437	4.80478351219392	-43.417717416074	10.3087918230953	0.864904527953632	18.8947453050132	2.99527853080393e+26	-1.1200686528409e+30	5.27486733724494e+30	48839891035086544	-7182328332.0506	1775338960.51859	10256705413.2907	-87126495240963.2	-96240783.1592228
"114"	-2.03677365281655e+20	25456243700880896000	-6.03553035355888e+20	5376.80911244387	58970.8004549386	17160.0377169747	-2.35129222062919e+35	1.14428666536364e+37	-1.49951700576688e+35	60311320463467664	145710641673.002	-44693735470.2517	-3334466651.82922	375033123371994	205813527.902519
"115"	1.33955833559952e+23	1.3761672873402e+22	-5.66553856132886e+21	1047.19190307703	-15693.129806073	-4289.5142777738	1.39416694263694e+32	-9.74604283739083e+36	-6.21633728475567e+34	15836935254151880	2543286956.03862	189673312645.586	-14040246600.355	-6542354378028605	-75319502448.2067
"116"	77.6487372608506	-0.277710306973699	-4.50521331847359	797.791364380646	-1008.36251153545	-3213.43539829274	2.27475773242254e+31	9.60273614351954e+34	-7.83650004789735e+31	24689399817308924	-9421127682.28142	38564348851.7552	14344026492.354	-396711240570357	-370466134.713937
"117"	-317.917466735816	0.177410296316052	-8.50548613294304	-1123.7231866327	-8146.37997325795	-6122.47167617647	2.24660517538699e+27	9.33250096956229e+35	2.84380993927196e+31	8164142137786093	95522227901.1575	-21863988544.7275	-5745605174.62157	143961143131655	-10792821.7837324
"118"	-1.14600401888453	17.2201662072551	-36.6751143570169	19.5523695105505	11.4342365778711	21.6418632487188	-1.09807355328117e+28	2.12665473342146e+30	1.88992161706449e+31	38020605436692208	-9193995014.5539	27671353198.2733	12813092020.392	83229614747232.5	21632957.3688413
"119"	-2.77186200084388e+21	6.09608042219416e+22	-7.8896600176754e+22	8248.77127924454	37968.1597482891	15982.3656538899	7.63074873760292e+35	3.18614868753744e+39	-5.27805802883303e+37	20006507909274556	36080018014.1288	-189678656261.219	-10856704964.5764	587117801408508	419342914.98644
"120"	-24.2543315826584	6.05992282016818	-4.17885845780481	7630.58262912387	11789.1496661343	19967.4995842264	1.04715126301822e+29	-6.92241342312266e+37	-7.52639358611587e+37	10505538856773164	37786918410.3544	163960816037.912	-24048124376.7946	165113280870665	131531601.093167
"121"	-1.48623838847551e+22	-4.16582606582448e+22	1.07893118196025e+23	7626.76375062572	-55376.5774121626	7387.51112153496	3.90388470760654e+35	-1.8606803539266e+38	-8.59185260039525e+34	12876707731861426	-1738074584.64048	-79223808585.4549	204670245.575568	274942124879776	228865049.305567
"122"	-7.43916678603432e+22	-9.11526975256341e+21	2.47986451851361e+22	11943.689933734	43538.3334029713	15155.1697111716	5.32695698996073e+35	-4.24769775267536e+39	-3.13637060163039e+37	31541311049084604	8071530014.92427	3937741188.20555	-15035503398.2354	201313439656590	101883335.940669
"123"	4.15021532096578e+20	8.81224579256504e+20	-3.40922631815611e+21	10804.5948068368	79748.2521979154	3993.9140211877	-2.14597054199579e+36	5.56466444392019e+36	-7.58012321089114e+37	28903313685014112	36574746913.9564	-129642439212.354	6431517904.46638	281994565313322	215113150.86527
"124"	2.61456836488251e+20	30766328707866787840	3.11256256367196e+20	-1128.17894793763	94394.8475306675	7277.81918707194	6.8149760953824e+34	-2.22989193951303e+37	-3.9593119579652e+47	42607070772967072	532319832400.896	-93371557326.3378	-236119622249.439	394118304921183	239193767.554839
"125"	-0.290649124947759	1.31932789491248	-18.2497958308071	8.30181110750044	-0.784229205303105	14.0528218114316	1.48993257671868e+26	-5.2349199650128e+29	6.75226986486055e+29	30825601809564184	-2543861610850.78	484758684.128377	332891529770.557	22109836501608.3	19001780.8384264
"126"	-5.99463603888835	8.67595835935302	-16.2303400914253	56.869692757313	12.3213646415151	-28.0033905458014	1.42996633474803e+27	2.80913861895984e+32	-9.21321216714035e+33	22459350437629672	-8116341204.85784	13027432932.5957	3631954850.56753	-164277626871384	-107606763.734522
"127"	0.282364169942521	26.2647005449601	-54.523171603038	27.2639882477462	9.56482152255166	10.6877337548751	2.83204414677276e+27	-3.44696939138388e+30	-4.70799484152174e+30	68598402405133232	-94280757653.1266	14546783618.631	33376777842.432	57351894845361.7	-572615.033628095
"128"	-48.0403630562724	-2.48236642355075	-22.2837814749417	193.434218366148	43400.8613418998	3681.83071346891	-2.65347933516639e+33	3.70438193696727e+37	-2.77960321156477e+32	13097922418162634	-163372125409.053	9185317902609.5	35380169139.9995	115096586068569	38721561.2171134
"129"	2.26176099780691e+20	-36974532973181878272	1.25558393441851e+20	6730.74785407432	10522.8444551884	17802.3187865803	1.74420457715319e+36	-9.74828854306175e+37	-3.31717461763628e+38	24253922874691148	-5159965228.85875	-139938918469.527	-15178053068.6492	546697505009434	255436244.057877
"130"	54585278654413537280	60315954547611238400	5.017621273748e+20	851.778517603819	52678.2763775941	-5399.37951579363	1.05997776399062e+36	-4.19796628001841e+37	-1.30142870745424e+48	40730922270502080	199467256947.818	-111777356591.167	-109693979317.826	286444213997187	210736128.290238
"131"	-0.201796445873998	2.39864347389245	-16.2131738428923	5930.72649559571	37832.2661122873	-10516.1100427875	-2.46432554777961e+32	-3.89260635157351e+31	-6.59438811553369e+34	70830129147313736	-103070291314.129	92403368686.2657	33071611654.7904	160405231444221	96523401.0271908
"132"	-6.25993048993734	33.7785726075125	-69.6120992985365	1.6440171647681	8.81040333483622	12.7421839981495	-2.33852352064062e+27	-3.88535548551826e+30	1.38261040093561e+30	35901662292386800	-31413435469.3783	5272535551.63777	19738142261.0828	-138919952272890	-17894412.7413581
"133"	2.54763834573138e+21	-3.20700389494415e+21	8.68576686546568e+21	7738.97590176661	68827.551077857	18878.3593988462	-7.77502359401182e+34	-2.51638619998505e+37	-4.18806195593586e+37	99543825189805472	248812381420.581	-46240248891.0768	-95153082179.9504	278888098062198	147414428.841442
"134"	-2.96624853206547e+22	1.13963682585139e+21	4.31826362172448e+21	-1282.99773636715	-91500.2893142553	-2219.60331478758	-7.63948830373637e+34	-1.85223397887902e+38	-8.37200493899323e+36	20889801650818368	-481134638.465215	-53636793682.671	-5538410077.96249	414566422096380	200319886.058302
"135"	-2.6639715429079	-1.00824681201618	-10.1643248092793	5.46114725663856	0.562373804599131	-24.9372018730454	1.50574651429382e+27	-3.18665743333217e+30	4.2851293548967e+30	32434720018282436	-54745848969.9298	-268340642.731178	10529250590.3255	-65805080883396.8	-52832163.3790172
"136"	-1.92422841442435	4.98470345794401	-13.6957893693762	28.4865239783999	7.19888348774866	-2.8005865154407	1.26275992533001e+28	7.73972584472085e+30	1.45564727701679e+30	36208101710163760	-37919774256.9818	8248276007.32481	4804580116.43825	-164602130833716	10440967.2905097
"137"	-1.10430872568567e+24	-4.72097229747203e+23	8.47657006228349e+23	9026.85527189277	23541.6309252251	4491.73806585655	6.84122341625633e+35	-9.87647392092422e+38	-1.47976398099168e+35	38611049441919952	63621354475.4538	20874063757.0047	-40864796121.9265	85446026760308.1	-32515268.2288893
"138"	-0.0412294038621925	0.92863502944007	-8.05640256966411	14.1574090720392	1.99907950818194	5.30072520695277	-5.24206859031293e+24	6.69265758740143e+28	-1.23133504660134e+28	11348804100741964	124987028644.223	289208372.264965	-113145769734.721	20168149293201.7	18679329.7397232
"139"	-3.41342076072222e+22	-1.54697782245087e+21	2.99108052472591e+21	6251.88652805607	25947.9642275075	5866.95500438219	-2.51717989639796e+35	2.38239424943922e+39	-5.31229218842543e+38	14631797430761936	16274128072.8609	-108250263125.465	-18198812851.6326	549075585939179	235595374.996921
"140"	1.32572201075226e+20	3.88612369716427e+20	-1.31178488463602e+21	8369.68105909618	31774.4978482188	16882.5846712281	-5.81846798685855e+36	-1.04319472527499e+37	3.56654669424121e+44	59816922839711384	112320747983.717	-8353764532.05674	-17318130680.2677	242837377951456	152438159.480098
"141"	-46955371405326565376	1.17295991390015e+20	-1.78404627674167e+21	9355.80626851373	-19298.696858602	19611.0392545795	-1.10414086982288e+36	2.04325132172895e+39	-1.81356299854196e+35	10896788586979828	35898372430.6054	-72331899129.6077	-2406749938.53242	165485391635625	196982115.546525
"142"	-3.54791617255804	6.96535151229959	-42.7261199484241	5.05121132650638	13.7228368626351	-13.9657109595958	-3.51373789612194e+25	7.16292449807239e+29	1.84547651873805e+30	84241252482451824	-64046432227.8133	116526863.330365	29294019067.2151	-10408358280592	-8798386.28225569
"143"	-3.12203768686755e+21	-1.53883835763838e+22	3.52598233887285e+22	5276.91054332937	9167.47983183682	-85.4490801859473	8.28018204198485e+34	3.91541944968373e+38	-5.08552304408314e+38	20579072396099824	30143042508.0691	15273794432.311	-18069264999.8948	-252899642555039	-2830655.65386852
"144"	9.82362763276483	-8.38289495208285	-3.2962782596909	6209.18983087261	34085.7130928148	-15445.0993342304	-5.97069002481914e+27	-3.12840218058102e+32	-2.44340821846884e+31	13638506587879464	-74205149432.8543	-4416585079.26519	90134747624.1916	-81629700318760.2	-151369796.416036
"145"	-42.491038742142	0.492183240263124	-4.54831810558163	5.21795950904054	0.662026791059099	-0.923065413408904	-3.20042589594194e+26	-5.63976897833966e+29	2.13251560471084e+30	35030178605867500	47832737493.4058	28750397494.9813	-39220861473.5492	130797406599260	38223760.9050941
"146"	-2.27893197520932e+23	-8.85378468578786e+21	4.50738023651956e+21	8549.06920249558	81278.9047739201	1363.94937906753	-3.01965085782127e+35	-9.46585621913408e+38	3.72520272829895e+53	11607861265857604	9235798090.82539	-5409931643.30587	-15282578955.0602	433982846583874	21983521.4616696
"147"	11075789384300173312	1.10198154168343e+20	-3.97686459000476e+20	5784.87266805281	31725.3953066645	-6926.75549482031	9.50437379292689e+36	-2.21415804068913e+38	4.67381283654432e+48	55852551792936088	78944940951.469	-43310617099.6707	-22103408363.206	250556268053884	23235509.4699535
"148"	1965.45275107938	17.2993327263916	-17.973699753917	8868.50028005307	71801.9270139589	-1432.40264225758	6.53723440863249e+28	3.58132414435968e+31	-1.58156234726762e+31	41379435499436984	75225089825.5323	42557800917.4651	-506307006658.227	-352123484921791	199786395.019163
"149"	-1.0241286899254e+20	9271012410566955008	-7.00562817413419e+20	16412.6015727343	-17269.232616333	1562.01149809965	-1.1822058684241e+36	2.7611303475921e+39	5.54304817044294e+38	27582769854759976	37053320139.7674	-52556670026.3433	-23344639268.2729	461917178939080	268773417.94185
"150"	1.45002086015366e+22	-2.07838775112864e+20	2.86534857482864e+21	2759.58524630226	59102.3522526159	27041.0440697054	4.13612900109527e+35	1.42171609943722e+37	2.87950622676196e+35	33952788321747368	355451950546.35	-49237113033.8557	-106067052855.075	391409968456342	114305524.273156
"151"	73270219691856257024	9631906882857578496	68199424160242139136	4447.19566141678	107193.270322549	6535.5206105818	-1.6331028274295e+35	-4.75162964520401e+39	-2.38717699447545e+35	47427247518192352	509172515060.787	22057750917.131	-367963229192.37	316264739934316	134737564.919776
"152"	8.13762069352776e+22	-6.90233969778003e+21	-2.94519423711041e+22	-2832.70392987217	-29850.9285576244	-6706.66798473992	1.22762570282112e+34	-1.57894884807853e+37	-2.20513087082756e+34	9816197024875292	24398639115.3907	92184147951.618	-22946965175.2354	-1170652076682775	-1079781968.50204
"153"	-656.561539972346	6.90342605202362	-6.65852378243698	8266.7899734185	90891.6082669418	12956.090646933	-5.76475342049204e+27	-4.24203241696929e+36	2.66446195156857e+30	34736598589768048	925565833185.09	454515774285.89	255107788522.457	248074180271377	163709383.512195
"154"	10.8397151593018	86.9793276628632	-46.6299038085348	22.2366820112097	16.9040720388888	20.3282335376216	-2.23235528057819e+27	-4.14596619604583e+30	-8.54383897581636e+28	96767826015009312	296946699241.973	18882842740.3153	141259651539.602	90711056089550.7	95696034.7104908
"155"	-0.664549554859497	-2.17883572582382	-49.8596488609733	-1.37393045012759	2.11123498895361	10.2936117251017	-1.55440789911246e+27	4.48007772882272e+29	3.03227225364573e+28	47640901402975888	-29683637325.4108	123489500.373467	7860889209.92302	-11762231845881.5	-15120961.2965311
"156"	-13.9882407046727	4.31344208990894	-6.72071431713205	1.72439800639991	0.979146563835263	6.78625615046828	-1.57462996434905e+25	-1.87118037585357e+29	-4.5143439303734e+29	37591445269339088	46583694072.4356	24477585.5393639	-11171137474.2389	12475618799817.8	5341561.28941451
"157"	-0.192752059696526	-1.92817975799948	-29.4484213112758	1.5915750610664	4.21370358978742	1.75937389041347	-7.90983744633449e+25	1.94911670979338e+30	1.07961021616585e+30	18835287419623388	-395037442223.584	374278375.402086	-26800707666.1665	-29499667555757.3	-28983977.5924505
"158"	1.53232472901454e+20	-1.34721818461883e+24	-8.98597588480227e+22	4337.58073046352	7564.08446481999	-11358.9466187947	3.08573032999989e+35	-1.76803843266354e+38	-2.45904590112334e+38	16090794809662528	2224250213.55952	16040140336.9533	-7721253558.68339	-1398819494160702	1056704363.06789
"159"	-0.98706157878921	2.46998013332276	-32.0539435527045	5.35413142616798	4.32779756628153	11.0960341222717	-1.42081759488683e+26	1.22575744242483e+30	1.12042780427068e+30	43373933065432800	-305923318326.044	65032553.5066507	31516611828.4432	-18366222222673.5	-2765336.38522751
"160"	-34732424891808321536	-21186686137319292928	-1.68243039978074e+20	2380.74390910303	-81031.3368622254	-6097.50254133861	-1.85299420474036e+34	-2.70070253226312e+37	5.39161326710491e+38	44740559847638336	15529545962.1025	-37044569510.8519	-29534391.6706397	204799460178616	139429504.446037
"161"	-0.589041812607504	5.10734757211643	-6.62877335280537	8.19619438836319	-4.18333077064926	5.72491545618778	6.96049788912342e+26	3.84275796834011e+30	1.08887980670924e+30	8155313593864834	7337402137.51531	2798771234.30183	-8005598978.09387	-104654170083813	-67202586.7330714
"162"	0.432922318637117	3.33290825470527	-6.21297011800909	15.6971451804594	-1.74473622349341	10.1377313879795	-1.42395192826688e+28	6.94813354497914e+30	-8.20390766212105e+33	2340171962360847	-60024127350.7692	2912642497.3144	-1243740027.23794	35448549509195	45190837.5487188
"163"	-86.6119548096781	5.25768707262632	-14.0726506558429	3792.20680423354	39552.9275208166	11597.8348505736	9.82031081149701e+27	4.93075040538393e+37	-6.7896081378357e+31	45985437088657568	-210678931337.523	20112210336.8243	54700396185.9801	-557725971478156	-479560569.301408
"164"	-1.18575042185121e+22	-2.15965958709097e+21	5.89691692374539e+21	2686.91949788206	70688.3724167273	-6894.09014203008	5.02364380921255e+35	-5.69881086872964e+36	7.70729688177703e+46	60438593199532392	34220661206.4721	-10805956510.737	-22601069306.0355	334276942903669	63170899.9162708
"165"	3.76357706260235e+24	-4.99066150696894e+23	6.29642981557427e+23	6239.22031462475	125183.860838004	5764.06897189104	2.35340163150852e+36	2.00897605823955e+38	7.11166578786636e+34	37152298141333424	188348695362.358	-93759841278.7529	-46164023153.6477	289927196425713	164759621.833916
"166"	-3.1768796929664e+21	1.60965923861036e+21	-5.56088793510444e+21	2037.20227223614	110467.056288526	28782.7026156326	-9.48158631054512e+35	2.37425648058442e+39	-1.04412212444726e+38	48825605602520176	154825248348.569	60068275884.4087	4649229701.82978	403575890396074	60873309.6519138
"167"	-24.4923024693937	4.12797717590326	-4.3936136229157	5.87021646529581	-0.0702842989944612	7.49703964072326	-1.45856265954931e+25	3.03062075115898e+29	-6.16068473107471e+29	19634003926154012	31428231498.9949	1963119.14972289	-27110156334.6088	-1382411546924.7	-404781.642805944
"168"	-0.0651007127832095	0.315657589252146	-12.0455408269529	14.8243319446366	-4.52110813366746	-5.25978769111598	-1.17954850145672e+24	2.13879224164358e+29	-4.47980027678937e+28	9409138680076736	541474454.791929	27287596.9396076	115829233.122022	-9327224687767.37	-8651671.24120131
"169"	0.37686417325798	-0.838115257244651	-12.2833232592774	9.03840975101222	-3.71555113291289	0.714192017904425	5.48228222618316e+25	9.24281975667055e+29	9.61745824419885e+29	8891158170373343	-28012560601.165	2924391710.76033	7407449412.9296	-68908648827504.9	-90051108.633119
"170"	21567456041998553088	31567712252422569984	2.20446807227944e+20	-1027.74225068653	50021.7346174308	6415.29821770313	7.38716034924304e+35	-3.95765960809466e+39	-3.55217656455388e+33	29302914370521052	108740952587.46	-34412042796.9794	-22675655701.4764	219864361256118	56934253.7077917
"171"	-8.78403630212743e+21	1.79041519777352e+21	2.01445884112574e+21	3619.41471442148	9640.68774232337	5629.44398488422	2.64466283827073e+34	5.66556257648126e+38	-9.67046796806052e+58	14669656187586498	50003360711.5434	-90193425258.6379	-23887558919.3799	166903266561687	187450796.137876
"172"	-5.35899094899773	-6.11758782673291	-7.578445696533	2.26584957015828	-1.82053812016472	7.55407041702218	1.92070909241821e+26	9.55235913616197e+29	9.74500664537604e+28	24521953128274352	50552721433.5303	72056952.9130273	-9132692868.66201	21816510245641.3	14491132.9058602
"173"	-3.31993562552196e+22	-3.09900801521013e+21	3.35955773312827e+21	5093.84410539002	66935.6190846007	11785.1463701984	2.10841397218396e+36	-7.21232150955375e+37	-3.43968169913107e+44	34771738923263056	35457695808.4903	-87353134619.9012	-24822262936.7854	564487182903116	186856540.675396
"174"	48.5689217240112	-3.26974588553025	-269.22913216504	693.620686821029	49766.3222337753	7337.13166996426	-1.88537221373029e+28	-5.38156709887719e+38	-1.04941283884741e+35	28788504162609556	-5623718108855.39	-4291686748.02207	43025706485.7422	-308198625526974	-3909838.83278131
"175"	-1.12005018926456	2.99557544596709	-10.780483277352	4881.03681957668	48738.3263378861	4456.63557308739	1.35478853818678e+27	3.80917984806434e+35	-9.23831438224829e+32	25082067023810004	-137245149169.405	8718110887.33444	18126025843.988	-204707701272286	-153245999.898152
"176"	-0.208165230096978	5.44180023962654	-36.2120712195169	26.3790456985676	9.0841508236868	5.30678760226072	-9.16824700998944e+25	-2.94089901694713e+28	2.18125602019752e+30	36736437426645304	1414506153.68142	68116200.4157966	4120955821.88723	-19022150750881.7	-10150217.7805441
"177"	2.56421034595473e+20	-1.49041647276899e+20	2.88049910857948e+20	6140.45502846718	149365.989292848	25528.1168458087	4.31447678313319e+35	3.731076208074e+34	1.6387680447023e+37	41165030237315216	628146694030.505	-23827570281.398	-253149722174.691	249432698527358	34360748.8739741
"178"	-1.0966486212571	1.60587910302684	-22.1776867428581	4.17265030851955	-1.43712592067322	-0.714236617037418	-2.50339736580093e+25	9.33671556713832e+29	7.03391996275865e+29	43930530038516144	-20550795688.0141	6867989968.56438	4514936010.61291	70470148116824.2	53754856.6530524
"179"	3.93523700561963e+20	-2.67235437360617e+20	8.65143287670314e+20	919.894899133978	15616.1813224939	-2952.68420908546	1.60532589244584e+36	-8.05598969586655e+36	-4.53142370806844e+35	36965318688126552	17042074381.8842	-34934378204.0877	-25192865481.182	241459874956556	7255728.42395375
"180"	-3.27568356110033e+21	-5.98791838385302e+21	-3.21751792037834e+22	704.310743944446	-29976.847426183	-1060.1567179974	2.71225852892553e+37	6.78333323182502e+40	-7.50928322436956e+35	30339632061546600	19223478538.2915	-56649071184.8916	-3041279202.66136	411542100794557	161895722.75887
"181"	-28802266514393686016	18136109848515766272	-2.28360869374296e+20	2926.74864224486	-12052.7332363097	-11604.9807580415	1.3602230822871e+36	-1.81566448220769e+38	-1.99505181636088e+35	38353733851941432	43689693992.663	-52614551352.2588	-12933781670.6926	292495889114932	132956974.150348
"182"	9.23971548015235e+20	5.0078725402218e+22	-2.13208648478743e+23	12711.8196185212	94767.6159959062	-5083.20949486352	2.17555840977819e+36	-5.97875548993274e+37	-1.08566037296709e+53	28966745655527232	63715548142.2312	1315411386.69632	-36721254428.9419	189189390647259	99130037.0689719
"183"	8.81578401525942e+23	4.72081278446244e+23	2.01831064471147e+23	2266.82744116193	-15766.6602395819	1623.37735276024	4.36167628314596e+36	-3.09437872875958e+39	2.80882006904717e+35	22547931641824156	109748262127.489	-35229446345.2336	-48705964529.3127	364067536825551	55475296.1580908
"184"	-251.29627258603	-0.142910459665303	-9.86472649899742	857.841031465425	2323.93098573467	-6029.15886194725	5.69942626075703e+32	4.69784198018055e+30	1.04936852481003e+32	36555536176959168	37582018575.9064	-179873476532.208	44356358276.1079	350084995524251	211438605.346139
"185"	-2.19709010312242e+21	5.66091140091028e+20	-3.2259059860856e+21	840.423664391996	50906.5849124637	4005.52758704395	2.61553486026591e+36	7.03373033727681e+37	-5.16424012749633e+37	70988747721865984	95379312199.8465	-90407951205.7789	-31944395656.4926	465672877642678	197002635.361957
"186"	-4.10880102586623e+21	1.13710456067903e+22	-4.28798213968528e+22	10495.2999461593	67835.1136461542	8461.20199091705	2.85478186344399e+35	2.30332357807128e+37	-1.1090873015766e+38	9071771791505686	70971056480.6617	-76939002047.8941	-29494243239.8758	225777344334250	193523828.459298
"187"	9.77501033848969e+21	-1.53411769506972e+23	-1.78635063307899e+23	6309.72069975871	23597.2491406768	3180.61186907326	9.29238286177948e+34	1.06558598698655e+38	8.39615696751199e+34	10755493113507064	16384453210.1085	60624352242.5965	-15098008857.8022	-1291187573020244	813977939.446233
"188"	7.36915130736316e+22	-5.864701369809e+23	2.52586999551925e+24	5568.68830489051	33336.3059336116	11814.4007553572	1.29225947007759e+34	1.58237103469619e+38	-2.168886576399e+37	47828336760981184	111220167856.659	15676046043.5991	-38078791251.7124	-455796921502605	-495494337.574347
"189"	-0.761071853662976	6.46175025963525	-19.0563016033485	9.79539276200963	1.18915753455051	17.0939669311998	1.13749502438387e+28	-4.28659707904945e+30	1.4533140332392e+30	20547574180550868	-2706183647.64274	1961068162.92039	9683834928.69089	42778689773809.8	34044195.4921792
"190"	-0.311701334426317	2.54813444718289	-31.5057515885928	12.1496282292572	-4.68303003096815	-10.7629443304907	1.29319536297147e+26	7.7735919007097e+28	-8.31154587238945e+29	26284167993411740	-36536531873.9546	230224055.337378	16580644763.081	-19955784017450.1	-7190625.75739972
"191"	-50987479492105461760	5.51432623545632e+20	-4.32272531127767e+20	14313.9565285518	116982.630744433	2596.14142886003	2.83128926409641e+37	4.64152604284775e+37	-2.11061518500181e+35	13240494858604340	63262663657.4003	-41954943361.3132	-14627716417.8323	409579336973555	149482832.557918
"192"	-1.13782713614889e+21	1.17009051992202e+22	8.36120073224049e+20	4263.69452050858	-760.6342837751	11269.538066391	-1.78896029957071e+36	-3.30676045681973e+35	2.87391721369528e+35	14815714523535428	35841880839.754	-25488786444.3921	-18280799214.5244	104666686958078	160347101.985027
"193"	-8407.47816189493	-0.219190488629867	-6.4453479975579	-1314.61180080528	27145.5163338954	-4314.02437438119	2.69699195155819e+29	-2.62361521767227e+31	-2.85049520627371e+30	34989484481350204	-81877661644.113	16060832049.2472	29502102977.7119	-320395909588272	-169213595.260032
"194"	130.750045464736	3.45682789575749	9.57516196959383	6025.84187962221	16302.3303542435	1263.94945594308	-4.23301241710846e+28	-3.48535504205704e+35	4.3633011662665e+32	3594722798943436	13153725765.3277	24879121790.6284	310731014129.216	-703089146057909	606198346.375464
"195"	14961174747649249280	13500489940874119168	1.8178880900177e+20	4002.76957712893	83478.0844182955	-20759.8910551802	-2.52310769106034e+35	4.80164677958611e+37	-1.77684654825832e+35	13061717625034260	-12264145810.0197	-105874700856.805	-3926918357.77425	462643767179427	170915424.242208
"196"	-60042035597208190976	3.32291363788704e+20	-1.2955448167526e+21	7754.60355617919	-46949.5190009488	11342.2027165977	-1.41221133988238e+36	-9.24608720926985e+36	8.46722977181958e+37	46196830771502152	51584857511.1452	-1126345010.38758	-20653189147.5593	376145143332532	136805098.321651
"197"	-11.1321609690599	5.44290856586731	-4.98004727669858	7.53947204259993	4.31633164794873	1.94851622687741	1.03952260431517e+27	-2.51920204596348e+31	-2.44224019399454e+29	30752956521457184	17188878994.4566	1887444508.9175	-8285855669.04984	-69884631503598.3	-17304670.0692448
"198"	-64391937917158064128	-96580059158952198144	2.81136715978522e+20	2480.47547036115	48083.5945548891	-4950.68877964558	2.60927125790334e+35	1.05088393938074e+37	-1.79005465881758e+38	37029390580756592	-4554220507.93955	-159359733081.289	-8677920843.69746	591224995619484	262359844.520336
"199"	-425.892261308651	3.14009584409771	-10.1696439649405	5047.462127551	50479.2251229918	2240.08973650397	-3.7826216577806e+28	3.07310584662457e+35	2.23389608677148e+31	30040012437969404	180559387287.452	-152098909654.148	37669836571.3277	233225225872786	213703916.071276
"200"	44718902691382591488	1.96733037662383e+21	-1.90374987387629e+22	9359.54234575364	7683.64696542186	6415.57580892626	-3.54849176301665e+35	-7.81345005694914e+36	5.49083578749477e+34	10656694971152458	2043927855.05564	396193474099.877	5359406931.6038	168823020502643	151277632.441225
"201"	-1.60465012473485e+21	6.27725925903572e+20	-1.43340414649241e+21	1508.17077514736	26532.983873169	2115.73386753852	1.25652416483405e+36	4.8435547531795e+37	1.77989592291197e+38	5695128426700044	102051471753.78	21398623916.9007	-58075485099.4411	-386284820373668	703840382.674766
"202"	3.94486892316492e+21	-5.15658238699397e+20	1.50453356930474e+21	7040.58433667354	49488.3528144144	9755.51627763893	-5.03701494875364e+35	3.20579202723258e+39	1.37031391102264e+37	50994064191115888	18251319248.5714	980909013.345798	-21688322251.1749	261620291835345	46952400.5371022
"203"	-11.8469670739507	37.6310791577563	-50.176496930708	3434.940769331	86805.9440445881	-1595.58241006379	1.37052021104247e+29	-1.51179180019509e+35	9.2546829687571e+33	36960569622298256	-29546725220.2298	55734273954.0928	34610623619.9183	-985608447022822	38124078.9964351
"204"	3.30503146652033e+22	-2.65023575452768e+20	1.42462060482575e+21	4877.39808635542	64870.2547576567	3358.37287121048	-3.86949207073096e+35	1.57745936983817e+39	1.23391210421671e+33	24036777259452508	36921354325.3313	-49187761281.4516	-23708838887.7534	174234908170152	116195140.656299
"205"	-0.253011124734579	2.65777367608892	-19.7326518160652	2055.34029855973	-15249.7730022086	2476.73021707775	1.38888202050837e+28	-5.38005777636099e+30	-2.87644108435064e+30	21555697340092120	-3610872590.86317	23289308556.8819	10411326153.993	-217751630524019	-289441629.617889
"206"	1.38533864038291	13.0411101606862	-25.0163490482862	24.8514317450812	5.67308008914278	3.63819159252844	4.02301921281687e+26	4.96588308709303e+30	3.45170183303277e+30	22682535182722816	-40306839035.6119	8659799921.74954	9661007818.50044	-219190929123828	-158414748.618767
"207"	-2.86248408598135	1.39841739605016	-16.3768150345035	5402.38388870019	5205.02030713231	7953.04751728828	8.86718992288374e+28	1.86950571253473e+37	-2.15416996089608e+33	11074475146947510	-75081675812.6315	-130885148774.943	4367826066.65613	244003935089303	207509223.577084
"208"	-1.48350631420641	2.12398721976365	-8.6787845260032	28.9703623148087	-4.21342066554435	-77.3255732469529	1.66522055539747e+28	2.00831362271178e+31	8.45994059078958e+30	16917616995064542	-3286725478.70001	8031990375.17786	940586135.566957	-149631067321427	-149806100.139428
"209"	-0.22014253406567	27.7769898041084	-67.2997493499194	17.48247475586	2.91660836639435	9.64274193921962	-2.04885317840588e+27	2.00464243620625e+31	-9.17647111514247e+30	57387954365455880	1594128782.18698	1367090841.18621	10253108151.1986	-138743429095618	14851533.301641
"210"	-30.6812018965926	-1.38686038013192	-4.88235435884718	4727.731848707	-40372.2607228985	1589.91132277403	1.60740646916111e+30	-1.31985316639463e+37	-1.18000496104691e+34	26255326704221024	13034217021.0358	632823384751.768	-18973104143.1692	255636993948249	235534828.376673
"211"	-0.391879970696478	14.498168294658	-23.5419309142687	14.7635103417755	4.69592150701263	4.36975344967943	-1.00071916211938e+26	1.3952096714855e+31	-1.24587806904294e+29	24164901274974000	-70512710893.0117	3703165995.02646	17653580833.8448	-98467065126159.8	-44491347.6011608
"212"	-1.14341883823156e+20	6.65269364557761e+20	-8.54161775206065e+20	4077.09743214158	51668.6965875342	-6925.81485716444	-1.11210998430115e+37	-1.12446079028126e+36	-9.52022086301314e+34	20127313207990140	31739783107.0287	9595137059.13332	-2736400284.85383	126879315298711	62849812.3207461
"213"	-3.06850965392694e+22	-4.11646889263968e+21	4.06062958633035e+21	5696.10392962632	114261.861976413	24951.2718955006	-6.06627197213685e+35	-6.97316974032062e+36	2.07865174056471e+39	11175925614609324	93926859341.99	-26005606079.4336	11893000015.227	332623710396735	66784735.8210142
"214"	2.30410430028687e+23	3.65373979525259e+20	-5.03193845350808e+21	3399.07756054065	28465.9435282503	-2780.24727114259	1.77848440550203e+35	1.09474525640532e+40	-2.81217496000439e+34	22586050384677708	51670417665.0943	21201233426.6964	-42896142189.6174	-503443721840847	-82622058.1958999
"215"	0.557563623785731	4.33031282039981	-2.76099498583253	11409.5353281723	-57671.6080256459	-1829.85652476125	2.50943875801108e+28	-1.22195645994863e+36	1.88708020691613e+35	24128631415633816	-8396910225.71583	-176253024959.938	5292612678.0062	293324923234181	136651786.455732
"216"	-424.421903692961	6.96101367787543	-15.34716691482	2542.82234341673	2845.96229366927	-11635.7587010058	2.35919602720844e+28	4.52474937106897e+34	1.42323818398015e+31	29371687379208168	-15672431364.0445	-41223013424.1326	-5267535737.22077	366306736393862	142997249.885812
"217"	5.97585641239239e+21	-1.30133867619341e+22	2.9060896695916e+22	1907.576856006	45522.7445899193	9763.0443208868	-5.18080308612051e+35	-6.61556107506778e+37	5.45077763628573e+44	43103567830492704	304317432045.073	-35030315115.2561	-89503900145.6732	290104056607920	19434143.1699519
"218"	7.365246099742e+20	-1.88899951150719e+20	7.91754895934276e+20	9318.05991366415	115355.25266074	-6690.65037661646	9.08870073290148e+36	-3.30991000733868e+44	-5.11368530911867e+35	45468354483643088	12899639809.5323	-77644429196.8936	-25364261264.6844	555105077147657	283537796.43257
"219"	-116.032019977796	8.7291358869393	-10.0395365574401	5817.14289864065	89628.0906441156	5391.70010835278	6.06935292109339e+28	3.84804279949343e+32	1.47426397657278e+32	34573377983980408	-293826032253.537	35023309872.3109	65896729657.7303	-664849125502999	-895369564.199246
"220"	2.80534827857434e+20	28532681362748096512	3.51432760680837e+20	5117.25642570969	25128.7852792124	-1529.61574184403	1.23379293641096e+35	-8.83605949390623e+36	-1.28498936553109e+35	34474224032541888	4541818200.40799	-39039698195.532	-23155342228.2214	421874555721402	190312214.26337
"221"	-7.31165356765851e+20	22541256227349868544	-2.78314481034424e+21	3101.61089573227	-36696.6990604048	-6687.54203891019	2.20732501418351e+36	-1.0570836182195e+37	-2.03911977169905e+38	11438359309762218	10886698560.1365	-112901125109.127	-11326760205.5322	200953584217623	108923768.867092
"222"	-6.05599600772945e+20	-2.96025377525582e+21	6.92996082921554e+21	2574.17419853233	-25227.5696081517	678.446746027068	1.54114906092497e+35	-1.0270384043471e+35	-1.03240286088723e+44	68961998763176984	18573232885.8525	-157547716289.819	-24130866845.3193	383235004763684	336057027.246547
"223"	1.30044279399146e+20	-1.23032333122697e+21	1.32846019751022e+22	4202.13145850844	-10553.2745565471	-531.583982906119	-4.09818894665027e+35	-6.29381858275371e+37	3.5687928430706e+37	46551612967198632	49426270921.9451	20976206813.1952	-24926270822.1738	-707749678885843	-936234568.561949
"224"	2.86365293184707e+20	1.28821369310131e+21	-2.12476121758835e+21	11989.3126292987	48970.3828182361	11729.9721365489	-2.19814883173842e+36	6.86452486756109e+37	4.99714861430404e+58	16528544433410148	20575049659.6021	-102525871908.552	2374309956.35334	354572639262658	261274463.041072
"225"	5.06640100355969	42.6107933971842	-36.7927402135911	3.42980760198959	4.43583035892577	17.1713253873944	-1.47497373522504e+27	-1.81739424903816e+29	1.34808945717627e+29	46551379496456616	-78456364275.2183	79616953.9929093	20869481895.5732	-12284097234351.9	-16057955.7335873
"226"	-289.325146893305	7.99653631870572	-11.6448522449382	6061.81751950753	47569.798287857	93.9705773739126	-2.39721223181234e+28	4.60318404445615e+35	-1.91159714710158e+30	29869106525136588	-53118130192.4257	118930399062.474	171983469842.992	119812548199092	36158388.2495571
"227"	-0.559875857399588	5.45934248114665	-13.4899655908863	5977.30660669196	10626.7343480804	-2619.01851081166	1.87393453561664e+32	2.78502911702499e+32	-4.43080276722948e+31	42529964970873992	-37296145122.9873	30463911151.0993	14945671329.1979	-418516207433804	564056895.799639
"228"	-1.06171099272736e+21	-2.61773652585338e+20	-6.258283686861e+20	-5581.622581905	-46655.711268967	1928.88769612799	-2.80349050165414e+34	6.21496499126249e+37	-3.95880555800987e+34	23462960506129392	61542885614.2952	21338384032.166	-41277687914.5354	-230224427545217	-139889241.80448
"229"	61123545096692350976	31742699471996116992	73709659275176198144	-4311.94341118724	82480.6576710357	7669.74347006198	-6.07012847308435e+35	-7.24015757889913e+37	1.21468499909879e+35	45673235684729888	-16048415729.8513	42942389290.4866	-41804478415.1909	286203464088569	85336380.7643307
"230"	-294.899389382178	72.3572420295982	-133.160609713266	-386.288865692723	77484.7123140113	6350.54286540566	-3.39233992201371e+29	-6.10189824000051e+38	1.10160109392133e+35	20990253503666704	2730455320178.63	50804357440.1893	32621922347.5506	-808244663327134	-498385785.014559
"231"	-0.192779631133674	2.16026379426252	-27.8701417100357	2.96022135536773	2.83926691779935	0.590298451409712	4.2443455642351e+27	1.38413154733568e+30	-1.00859247381746e+30	18978705976501740	-15825903922.2603	5570598912.386	9250798147.3359	-145340986463008	-84011132.7574014
"232"	6.00227515534999e+21	1.5913262759739e+20	5.91486201579891e+20	-1139.60462667616	-14725.0394991551	-365.910220996535	-1.31422957789484e+35	-1.41228302570041e+37	-1.55492586959297e+35	26919458915623648	9727466652.65452	-66439008068.5295	-17912993459.2657	336815706511870	161364805.827261
"233"	1.37790721480828e+21	-70815404498503557120	1.21126774818209e+21	-1045.52915950283	-39075.678633995	9115.34302731275	3.757360377087e+37	6.29095276405735e+37	-8.59220056821194e+36	65844281764218616	117434502881.929	-18885322883.4044	-74119543035.6634	283936168067745	130574080.808889
"234"	-4.35016551696591	8.60425079515306	-27.5974784120849	16.61982287236	9.20048168013352	12.7869320522121	-9.08990559657821e+27	-6.14474424457733e+29	5.16437372551992e+29	25506745233541768	-155446794817.2	160200652.558029	11983153313.6786	18154762985421.8	14287994.3132828
"235"	-3.60540787989575	27.2870586755191	-34.9891339062502	394.7835499672	22836.4912685681	9565.86859375436	-1.20833994275165e+29	-4.14421986645368e+35	4.56960715038685e+30	44631908154396792	-80071677932.4583	23953463125.7689	32327336791.7988	-545128082201354	-504710442.61552
"236"	8.06027613571648e+20	-1.8656264173061e+21	7.42703187267498e+21	-2502.69767009045	-2313.324075534	-7496.81344136598	8.52901391732588e+33	-2.24658446121677e+38	-3.66940503788368e+33	25034180562204464	91229112626.6669	54664296668.3768	-25675214965.7079	-378372120335202	-1263245086.18542
"237"	1.36308213951708e+20	-1.05254628132767e+20	1.16598737193612e+20	9288.6948716275	169964.572138241	-754.454256720063	5.51396662598593e+35	-7.71430172741119e+36	2.49471397814905e+53	25607266225656556	9246304000.94149	-87300832660.7321	-21106311115.124	507077030608539	205253565.983678
"238"	-0.435042862910292	0.295823114192044	-1.02254724110975	6909.19980793284	18606.0696335131	-2077.98561335459	-1.03756608860968e+27	-8.11400012139554e+30	1.6303334470138e+30	30509772095696664	-22243482447.5138	-8110548662.85858	8807008368.98769	68900216032513.7	70669884.3927822
"239"	-1.71810452237677e+21	4.12283862470693e+21	-2.96549733676325e+22	5304.08569396445	54846.6630147802	-6556.57783929224	4.4737150959235e+36	6.37124619431596e+34	5.34792815652278e+38	22941238329717072	23488667982.2931	-210225530625.117	-7102050662.80107	311472822055558	213195124.01769
"240"	8.18146415444482	4.85610839521781	-17.9482410340272	2010.17453313264	6303.03093155916	-8849.61404481796	4.78141327075082e+28	-3.32918303497447e+31	-8.4648748288564e+33	33224687062320088	-19160379362.3041	56929664812.2246	36353289530.6601	-476692005200138	-346939024.951558
"241"	-84.2524413011882	-2.80438307810952	-0.438709957809288	-4.94461344078677	10.108055797889	-18.7234268693843	5.04690667476244e+27	4.35589268735931e+30	-2.11068433425373e+30	17193694384773150	-21254802677.301	73296057456.9144	13759670181.8801	148064228839483	89761697.0212529
"242"	-94790733144009555968	2.20887528719051e+20	-9.40627443446947e+20	16255.6480439972	24195.525940682	-14325.998919977	-5.75923819959355e+36	4.27027099479286e+34	-2.0757336131475e+39	18082468274903912	9070649546.47422	654537176.042917	-9029277134.81731	226665498758504	-1177967.69858439
"243"	-5806080451356193792	-11421916415432290304	76909131429239767040	22.88251259234	-10.7606507706956	3.59158511107648	-5.91323865533865e+27	-7.53863868530805e+30	-1.41851647960349e+33	32150778424479844	80231121558.0413	37630132643.6744	-43078139000.1883	101719975635941	30566785.4061303
"244"	0.630382729726271	3.45981150533682	-39.1523819948449	5.98706745133774	-3.53177991855822	14.5042358423538	1.38464320727914e+25	1.02558902174763e+31	-4.49665969084826e+29	22585731673391252	-69284615388.8973	1687024926.83987	-1221678697.0946	52206463435219.5	60891105.7174444
"245"	-6.89859550031435e+20	1.85790417669645e+21	3.23856953195355e+21	-2301.54930053334	28981.2687609334	20288.4864082481	3.54174684517135e+35	7.93135770037675e+37	-2.59593694712391e+62	31562976614126872	1032165453015.25	-76038924770.3815	-135319895005.199	205615116570913	118719280.333518
"246"	-4.23381474210509	-11.1055564735141	-24.8566299325964	-17.9846590550791	12.3840497753729	-32.0803520568807	2.75395228093562e+26	-4.90476613652218e+30	7.64166479811227e+30	24866260182775360	12643991855.0615	6008108862.97814	1472478012.83756	-86510582992467	-141303778.670346
"247"	1.75939591795822	1.69733152744351	-14.5107503874651	3.53282957206351	3.83538883806022	-2.99079774011885	1.01482504966243e+27	3.55852605625885e+30	-1.23578917928826e+29	44169438441343216	-26707406666.2311	7936715297.2876	19997261568.159	-241648790629948	-161071546.499795
"248"	-23645431372261150720	5.14490380166139e+20	-7.50492758586589e+20	15336.0935418871	64841.0176670122	16609.4200364114	-1.5214452666834e+36	-1.48223807915725e+37	-4.39279046682112e+34	39457678255154912	47120783649.5581	-34549948026.6336	-16849922628.6144	166929626666127	116728817.533834
"249"	9.87945340738103	-2.25472297937722	-1.65546171609541	5705.87346433763	15459.059405061	7774.43247108629	8.67348989977204e+32	-5.2358254564377e+35	-4.88186953966753e+30	12698037962388542	100874899068.452	37945977742.5572	-57652002938.731	82492198397728.6	137101565.115511
"250"	-1.00729037517892e+21	-2.25652993031277e+20	-2.46685767771875e+21	6805.29780650129	-3818.11160019437	21448.2376991198	-4.51367943598862e+36	-1.34288617846221e+41	8.22735252458774e+38	45742917660329952	67544351059.0156	3595661315.58156	-26053063893.2196	352116680890795	168421745.005109
