"V1"	"V2"	"V3"	"V4"	"V5"	"V6"	"V7"	"V8"	"V9"
"1"	2.14415518037938	0.00212250997613439	-7.97853730746757e+23	-209175474.549454	84205997.2147086	5327152.8851816	6636845429.61165	1329013.45441888	194263467.523892
"2"	-0.538473440979763	-0.144490854707547	1.73509120838679e+22	-83216143.8426135	52515281.7186366	26459036.5253727	-127384760.509015	175577.985956055	-13330421.3766421
"3"	-5.03956769997982	-0.524035568514482	1.97425161231901e+26	131943204.506069	10536443.8728304	3635344.88843504	2838489920.59621	2021517.20125527	-67097709.6393104
"4"	1.79219420171495	-0.0539452132664733	-7.13919604159577e+22	233113910.254503	-37421725.7810401	18856491.2490709	-879107356.771902	-102939.941478154	-33432406.0980107
"5"	0.514956024618307	-0.0535692003981134	-1.53293934392332e+25	-170390899.077387	22374929.2518071	8704732.56775979	-3685140521.42066	3317948.65332808	-51349071.9506354
"6"	1.71365487055426	-0.543980947205431	2.7438186631758e+23	-114930749.926421	33561035.9922851	6997953.81103726	161635055.935032	1264163.6287873	-247066556.641205
"7"	0.730768208949433	0.176366828255171	1.55969958700533e+24	181019467.227338	12162081.2505556	6841604.9301049	389110297.524531	536787.740580921	-1743063472.38999
"8"	-2.52987701368919	-0.398598631046663	-3.30850373165071e+25	218769673.597178	53507120.6676281	5185957.78895816	526487332.994179	797198.618008517	-121680848.055627
"9"	-0.392663339939218	0.0492154059275601	4.08538215937116e+24	-134949349.727427	81250757.3184225	6282468.33415453	1721376553.4947	1682691.61667236	-249399586.361535
"10"	-1.78622759080967	0.0604884376657115	-3.46481154105893e+24	238406600.606034	-47870971.4051506	23022863.1593274	-1681498141.77364	154345.321064324	-41601262.5411728
"11"	4.32891802130842	-0.265785848085583	-5.14540679436657e+25	-10084554.7665568	61510420.0658644	101875.721532334	3199149821.63769	1392403.52939952	-334194207.113137
"12"	-0.0267027552934192	-0.0263915251797272	1.41050845886651e+24	-97865443.3667016	68185442.8663396	13101757.4540126	3045510289.19361	483339.551462231	-84210720.3592644
"13"	5.36121325606455	0.196675702395573	9.94185004688809e+24	139886638.705388	264361149.093459	-1785629.60802198	1961312865.34049	1215602.43346622	-79724785.5371473
"14"	3.52956124561789	-0.205664322413056	-5.72450483380778e+23	-27509135.5626971	82553374.036587	3122618.59211364	1607138074.84785	1766325.59724076	-351405420.271778
"15"	3.49591135191042	-0.321663339625673	3.24389777067303e+24	420808667.465216	6934687.90849477	5073421.51826519	-803121258.893969	1368453.00550235	-20510190.2269448
"16"	-0.0825250837436707	-0.127068286690181	1.13037615400021e+24	475477894.002413	-2359588.47245042	5948575.58349716	-801088682.726206	1130042.0494828	10484951.1289058
"17"	-2.81122264674438	0.00304799199311647	1.23869569762598e+24	592414012.540853	-29908987.9119749	6119211.20847316	-6250272096.53701	239275.587327865	-38937246.6801654
"18"	-0.901601217083946	1.06601244914927	-1.26709738334909e+25	-313485845.637849	94247727.1942886	4380353.89858655	-862767569.416411	1151911.79569117	33687834.1321171
"19"	-0.70836213211622	-0.129844398721242	7.42482764275656e+24	324065158.59475	-4835014.4713891	9684522.0399605	210028960.495189	-35895.9738147096	-2803715.80155332
"20"	30.9332876701933	-0.352343319408884	8.63375656099518e+25	99870022.3284293	227775278.960117	-17664872.8692276	1982303509.70189	659854.799599212	-22925782.0817295
"21"	-1.04365792284936	0.0427140439768547	2.27751052748258e+24	19344272.68036	44290534.1749436	20487305.8221131	407288608.18345	133011.286664391	471012052.886322
"22"	0.60008367333345	0.18490468564144	-1.48312998891767e+25	293695971.521322	119918532.288368	-5182864.20587663	1031402567.67815	701377.609859108	-32052188.2191428
"23"	-1.36413029411173	0.432156829822685	8.25448642514447e+22	199523917.882947	-38388737.6455308	19649780.3193499	1302796560.11426	-72301.9326722108	-27101279.1050918
"24"	-2.43136914860502	-0.58541656363173	-1.50865831122439e+26	-278183544.443051	106438044.912459	1119512.8417846	1311623092.9011	2037213.76861126	208064857.17027
"25"	-1.10395411014309	-0.232953361534211	-1.30824297615424e+22	373546.117314544	7103974.78125416	10279848.6879683	107250315.538721	911870.586220787	-12149469.8073486
"26"	5.74873958484998	0.00400263728590517	6.87762817156218e+25	274320575.683085	76290413.9251642	56808.5705662143	301592406.743956	1090977.56407614	1877653.78083786
"27"	0.0264665000596528	0.0294811936509017	4.0510284271026e+24	-215819406.591756	-9146101.15221437	11112110.6240649	1411607768.13566	1138082.7122975	-146446923.862177
"28"	-2.19379871301798	-0.252797533145878	-2.82278336398448e+25	-141519668.27081	5613041.706995	6650930.04277252	254066402.112465	699893.198737224	-20538208.1890739
"29"	8.10103927138063	0.199437334259774	-1.65412599205026e+26	201452149.379874	207789786.146595	-5578304.4165217	2627609898.46734	846262.995021648	-5922163.41023606
"30"	-4.79351029962908	0.170048102401216	2.93861997041338e+25	400587959.739048	2732005.4599071	7565241.44261133	2127283812.01452	1671523.52210843	-91663489.2558691
"31"	-3.43607404144722	-0.210743722196505	5.60259024780585e+25	-102504166.748887	102655373.550714	1562576.04533373	336469233.083854	1289004.44034265	16261276.2550315
"32"	6.3021423863026	0.185601467287121	3.32661428245672e+24	-39695088.4591929	41882390.1945982	3478582.72100233	1531675248.9466	1623962.22824176	-336760486.814998
"33"	-1.19771640663027	-0.128869138875015	3.04275130954651e+23	286230614.893586	-29182171.4902375	10991170.766519	-350363696.782349	579740.625843469	-24698714.9481465
"34"	-0.694032751976471	-0.233562963360823	-9.94249128873762e+22	84962697.3220846	-30440318.9647035	12557406.079206	-463071591.415855	916771.90727301	-27712870.5045727
"35"	1.72242862055622	-0.101466917557195	1.66251417150611e+24	-68921911.2531233	5524916.39253175	11908782.6849477	-167966990.366349	938971.755953637	-49957972.1254077
"36"	-0.142238191335525	0.024155888801059	2.32479561549911e+22	-144830704.616116	3700310.77976848	25371911.0120637	-154364873.350654	710310.43391555	4371810.67926932
"37"	3.15612306945147	0.108467629287995	4.67907451216317e+25	108433255.707975	200683479.894658	-177926.345546397	2035330772.76434	1780407.76883172	-99592431.1337814
"38"	0.387237675676577	0.126643996407332	1.5548382467581e+25	-28244411.7712599	85568459.3372473	3887933.85475927	3566180667.88568	1722185.02493304	-75598038.2740427
"39"	-2.88481859425902	-0.665485994780918	3.34083665483922e+23	-338452395.048357	40794012.23568	4637755.97850112	1042737075.02733	2376579.7670295	-1024416994.3558
"40"	-0.904513140053282	0.268002593375981	2.51181360846537e+24	309543055.368982	13919568.8963382	5304679.93479734	950376223.05859	687409.856391943	55015645.7161704
"41"	-1.80241718995482	0.0814729805530443	7.68152346595314e+21	-115968567.780753	2461229.79038259	11451017.54149	13958491607.8638	1382998.72460318	-57532698.1372147
"42"	3.50628211882513	-0.192752455887455	-5.54536468034318e+24	-110145087.009375	67762459.2558206	1998140.20095929	214489483.636178	1123197.57172834	-27825387.1126984
"43"	1.46722447923483	-0.330728748328111	6.09331983047473e+22	289554336.428645	61812864.3042474	2697861.81107145	846597541.558679	506140.619133767	-397788995.009289
"44"	6.94867944015235	-0.0552959269572828	1.66528916951654e+25	262403824.947113	104347946.20097	-7570966.73303073	1653204854.56306	1073125.32150897	-129967975.366283
"45"	0.662725737689696	0.346854061094987	-1.14784818066634e+24	-48756854.9548175	9225120.57465557	9351131.35832296	-1992009511.97439	368680.742114198	-127272002.736736
"46"	0.0710778386423952	0.223751337334494	1.14847291009843e+24	278483610.262141	-45377838.6195256	9438734.49058338	102174100.859693	1967048.83198668	-12923740.0190533
"47"	4.9939112497232	-0.200802746773801	-4.45040577030334e+25	429694886.628007	38978818.8042419	578224.30298338	7670074239.34882	300683.741429778	-84643676.2146512
"48"	-0.301572273767184	0.00879067420746313	5.91822947802164e+25	216276014.104132	5182457.06573044	7787192.87067297	566738845.700123	216904.979704163	-118204899.82092
"49"	-0.396032575276027	-0.299480010440121	-1.39376569642021e+23	-220487386.726097	69561456.8140634	23317267.5217888	2304315144.29694	1078865.19602171	-61638947.6149861
"50"	-6.94124007765523	-0.668359743755721	-5.61851170121525e+25	343900589.644383	69262116.7012357	-418247.158749761	1070007888.02892	582248.055332077	-50889215.1420838
"51"	3.25583418627079	1.10432492470635	3.12613600813773e+25	37763152.0180533	178181198.964487	-1085786.35618719	423817053.794264	627614.691074681	100059188.324136
"52"	-1.61107073187758	-0.414354066394027	1.02201292866992e+25	-285065913.944383	10558985.8536551	5866469.00249834	-1196185542.84245	2711749.28088711	-217911591.562873
"53"	4.14512622834803	0.0080129738012286	5.45960954126644e+24	131060514.351078	60914494.8376024	1553382.8850113	1887560729.63683	2482142.20033993	-140550213.262543
"54"	0.0189210242530715	-0.369133882633373	-3.90838636850769e+23	177522175.938169	-20149756.8986586	7554851.72608458	-841742710.29193	1122036.47088518	-41512360.4305199
"55"	6.55481393017694	-0.613864771522151	1.99183032069667e+25	462059309.202672	26798908.7215168	-12791250.07788	4670915059.74301	869870.970575343	-43352322.7852779
"56"	4.7786436844924	0.634033605740652	-6.12837428764354e+26	454436778.223934	186562730.743282	-13551409.4559845	1473770183.52157	2628941.56130593	-100070530.189173
"57"	-10.6106248954029	0.228639710898702	1.30882049130411e+25	330022678.375321	195378879.60323	-4669194.43909161	1986089589.88276	533662.025006568	-89912179.3345788
"58"	-0.720945094092771	0.12960180311223	3.62468640575165e+23	293427826.638587	42403963.8395035	10417020.354089	2860962912.3265	303015.053536367	-101548868.592193
"59"	1.70669432761333	-0.30945842441939	2.18683865857092e+24	207393771.094944	-19906231.9248403	7444649.10738045	204666494.025386	962001.640085133	-16587011.292493
"60"	4.22826604449957	-0.24793595012647	-9.97589536329689e+24	-223293288.14644	198385105.303847	3352874.79803806	1726213230.73601	1920227.89375308	241167991.751585
"61"	0.176402452670296	-0.307343991882687	4.12410686741896e+24	57461203.8283278	-6131236.99837625	18890271.995999	-283504423.556565	170440.817145491	-8537220.66747878
"62"	1.71823377482159	0.180983593089015	-4.68368838645157e+24	32923364.2155203	99541555.1397987	-1621169.59088273	1461379198.61401	1214808.6277382	-149307735.597153
"63"	1.36659977654297	0.296257586193586	1.43254961141774e+24	320160931.553663	-41171573.2903921	11796325.7781334	358287666.372146	382466.432328917	-52804027.1047839
"64"	-4.59713094177022	-0.0420584637763424	-4.58275366454169e+24	223398297.742356	120797713.003964	500621.079637597	2274303374.88063	1838524.438948	-111159824.834395
"65"	3.88241466974248	0.149687812446771	-1.10742027951837e+24	-216122508.333128	26198069.0303226	4232262.69686665	1660290862.5525	1219086.32450548	-1354072346.11326
"66"	-5.36356212009967	-0.741702719836432	-2.22435773916309e+25	169028547.072855	62677013.5346522	-3887189.44492234	589676980.468125	901395.900718961	-212233091.48005
"67"	-2.12351384524218	0.139022102297986	8.53412617362021e+24	179891641.268781	28937505.3231074	2735571.16575047	1689731448.11619	1221049.44135659	495256790.294995
"68"	-5.62791999953618	-0.0445768590099289	-6.99241282613331e+23	439149100.981677	-6346199.28669907	1014309.54237994	656219634.113185	655443.134403777	-67060332.6472393
"69"	-0.209363606008354	-0.173281268431887	2.64368374785389e+23	242835597.120458	-19211441.8734364	124490991.241453	75073132.0992316	-389449.284668452	10951521.0452088
"70"	0.254742670172712	-0.166702238213029	1.74147030162224e+24	-98313459.3691724	17683978.7409493	32098764.9050132	187798365.935426	390608.0750929	-2645699.30231479
"71"	-0.493783189068385	0.0479635993643876	-2.83791191628927e+22	-77562028.1334427	43416834.6608929	33539591.4326132	161132875.744656	597655.714271204	2482216.68671971
"72"	-2.70826663870579	0.00015128287790444	2.80355104752371e+25	-34754367.4675019	35001469.928362	7072664.20915367	259447989.880646	714919.170918658	636255883.873722
"73"	-0.154439611149528	-0.142730587617798	8.53554812979946e+22	-227843727.987864	14754982.0818082	-31275304.769155	146907584.070187	168656.259275684	11505979.5889591
"74"	-0.154051101605346	0.0290771734228158	6.89960681100041e+21	-32509870.4279834	-32029916.9656792	-62524412.9508974	-47272199.9614184	129891.438258776	-16588917.4307393
"75"	0.440379579381589	-0.474789626235275	1.28285565451422e+23	184395268.651951	29305640.146706	7842715.08926413	61805784412.4743	-173863.699938564	-96962520.9979622
"76"	12.0917077493207	-0.529843326451404	-7.11442323694608e+24	-23461391.7740471	32491438.3396557	1999773.56220754	12000615368.5954	1066363.09156092	151041126.792693
"77"	12.4907569391107	-0.528903992514754	1.08564438347835e+25	396517759.694969	44609885.0608465	-12574220.6657231	880686867.652085	885796.606898931	-39644949.6280944
"78"	2.28647162278362	-0.124509840087492	1.98069640564922e+25	-26576247.318102	163795698.082746	-233669.159915006	5054522616.07918	1162965.25581263	-135690583.008979
"79"	-0.096265122181888	-0.0841259232625088	7.75580746356139e+23	241903807.826572	-5383813.92734927	-1982290124.7524	283781745.247935	-462300.578038451	17359293.8685637
"80"	0.852862280390995	0.841972608761979	4.17969299697795e+24	133388188.669035	11156660.5840012	1981674.56803421	67891254.1878775	1275641.77997691	-319207227.768024
"81"	-5.73148145623372	0.233747492094359	1.27010695214893e+25	-68710991.1850695	-51329876.3152121	8087725.15756671	790770294.300166	2966997.99130831	-76375098.2039319
"82"	-12.7391310552003	-0.843179180840913	1.0094533323873e+25	961999534.57886	56181705.0824086	-13758010.6106402	1605435010.07971	1508471.53715183	-56745136.8957679
"83"	-5.44571919256696	-0.164592255846109	-1.20942985466489e+24	151671806.797088	54516704.0494509	-5217337.92408402	1521627637.98666	885338.930431211	-107514514.418462
"84"	-0.768729494482745	-0.384287982472741	-2.31745078630948e+25	-48802630.587198	59121648.8421177	7022859.88550847	302466127.176882	368782.973647693	-49102542.0787428
"85"	1.38434355504182	-0.326887993539878	-5.62942406367961e+24	-44373430.0694279	-318080.212180582	5020678.96539957	-152320011.373841	1943519.88857696	-69156345.818096
"86"	4.14879889400099	-0.531664021062891	2.26074156786559e+25	267558497.05429	125840483.364423	-6086604.3466399	828174503.655802	1078896.14260369	-62158514.5451595
"87"	-6.94796690682347	0.551969721480883	1.37615675678413e+24	43966064.2926679	-2792029.41305501	5380419.84190296	1056085145.53264	2168631.15649396	-102142429.356269
"88"	1.06449196133626	-0.161148815840423	-9.27824418592892e+23	-12751982.6519156	52457023.8104513	4150669.76964904	-2361607769.93694	504951.416244599	145821454.300841
"89"	-0.290096465549554	-0.0504459507721583	-5.80013911100811e+23	-75503660.0217214	-10016631.199149	5800105.7510949	-1087825699.82789	727542.186581843	-56817130.9009046
"90"	0.988392755914877	-0.149421829864519	-4.13136338131669e+24	22880081.3784213	42038049.303662	13507757.1494804	392069903.19677	-82424.5959509837	-1039058628.3913
"91"	4.14913358636484	-0.0894570508769738	8.41305122545723e+24	623832608.4568	-16241871.9744365	-624421.734672596	7157562127.13829	719295.282515182	-38796047.79829
"92"	0.506033633668335	0.132164257839907	1.06616568686264e+25	307926506.234834	42254655.2620578	27562195.1594427	644577056.937319	-449754.175999642	66631981.1691515
"93"	-0.266391894129621	-0.112834229056966	3.37738244612252e+24	380048961.374654	-26491647.6230601	5139238.08532582	256248971.329818	584006.772927127	-18286357.6597034
"94"	4.08446214845478	-0.054800719701994	-1.39426569496694e+26	-78180053.0149538	94816646.2809335	-6472391.85267944	1687539988.23136	1023588.69334148	-80956736.7059938
"95"	1.34845635302271	0.0500498235840685	-6.62830215065504e+24	254954155.501213	-19137793.1904965	6227819.11593822	6662177314.72823	625793.647367548	-53851235.4980562
"96"	-0.922651057046651	0.159907572529739	3.4466670392204e+23	40807115.8711504	-19937201.2859605	54309173.8097879	122251026.273253	149073.119749245	-2820125.26945844
"97"	-0.972366338389725	0.0149859793581107	1.23011677154037e+25	-93150852.5450993	109515133.494408	2480992.38640548	231645388.637645	809621.674509015	-36473557.4068084
"98"	-0.778003623449368	-0.225909799742863	-1.12599972280236e+23	458463649.456353	-11472291.7202817	8348402.42864776	458692824.011943	42426.0965792622	30596725.3299716
"99"	-6.57258065476577	0.149616143249759	5.18942228470264e+24	-9178176.69964353	39609968.9868265	4402335.9414711	8928495484.01735	911292.829920448	126939259.369069
"100"	-0.824715060879601	-0.145393437029821	5.65669571776281e+24	190784945.649136	63604356.9846462	-991184.855974346	818972431.270417	664034.599880561	8603506.82006931
"101"	-0.174162625844925	0.242460186946887	3.35618093786401e+22	298673417.194626	52624083.7884682	14514993.315137	-54534417073.1596	-242412.75491094	-12920881.3826801
"102"	1.60503476127316	0.0680721905183392	-9.29682876240581e+23	-18392971.3716871	11523838.4873568	1244935.38438941	1603750256.23552	1041747.33403694	-80990331.5179191
"103"	2.22654693088445	0.0768236299836763	2.32552381809964e+24	372089504.180982	-7745098.62002721	6573789.7736484	8131739822.35626	2353596.85941746	-52982338.0615224
"104"	-0.122464730168057	-0.585631125571332	6.89702203085253e+24	178736438.232201	38625109.1625823	2864660.00579129	3714771817.19676	888166.899327937	-118379890.844249
"105"	-2.86441451594802	0.1385522018902	-3.5344418617602e+23	61349983.8038673	78523041.785684	5900465.40644447	575794513.05487	56907.0142802235	-98319243.7605168
"106"	0.0254683633405461	0.101571132584478	4.41967744336484e+24	-323388653.987877	14562076.2481136	-46574256.2011216	85073219.7451326	381798.918390672	9252843.80289836
"107"	2.52171953593622	0.0328568245443275	2.12477922639334e+24	-15029751.9521798	69949186.231453	11384045.82586	2527179835.35691	1762729.78420626	1132885029.68166
"108"	0.372706316254025	-0.34463350479985	5.59710994651529e+22	-223112619.496032	19980036.0132593	11793915.820953	-1101848141.49621	2431054.09995348	-56864908.7892977
"109"	-3.32792824496111	-0.509347191475792	-1.90174155682344e+25	240526299.494459	100451509.490508	-4090521.47637473	1964625048.46144	810588.918970689	-77239821.3766216
"110"	2.70033251143545	-0.208297986177263	-1.92885028759841e+23	139890524.930015	-22490216.1296114	8876086.67789097	-477054001.620729	1730252.76425749	-24732288.7883815
"111"	-37.8200573296332	0.900816532382853	1.73196670936061e+26	542597691.057884	31260744.8679336	-6227603.16116623	2151883478.03599	732697.806321274	-633238563.416517
"112"	-3.5007776301004	0.0441201058297581	-2.71681256118146e+23	336102573.178807	12210136.1657828	7422700.03974038	5098408177.91669	207988.195786167	-78085827.7506821
"113"	2.41389803966551	0.039237768286745	-5.15323743104692e+26	359935177.98897	72250877.0181008	-5422565.3242761	1298468408.05209	198619.194561503	-164489116.843375
"114"	-0.96995069184476	0.169849081121228	9.10298409175728e+24	-81292007.3873762	207831177.112198	4392916.0943254	1633595557.33217	1133748.07785189	986876856.590502
"115"	0.578084428138642	0.622246195770745	-9.60419272654832e+24	570901782.691054	-48424604.794406	240574.02476587	622805425.933103	1262175.87105678	-90955329.593122
"116"	0.531691490142965	0.437688989934288	2.22946515432574e+25	-265465276.102711	222690743.157671	8588367.93531792	1415014526.11918	1322964.42408305	508586473.095775
"117"	-4.28350828498118	0.576947812028705	-7.25210601721603e+23	331624206.242232	-34170907.6602991	9725966.75800709	-3786835849.73041	-380718.669489467	-16708214.3328913
"118"	-1.43170421273572	0.479229190155739	-5.08224813502647e+24	419031434.590287	-25147996.7425072	7852866.39106	1467765562.89015	-70680.7064748708	50114340.9186226
"119"	-1.72417740004792	-0.239934557009147	-3.81879429152102e+24	-88716894.6632852	15462928.2024776	3508773.95326665	2476332234.68933	1251460.68561217	-165437484.644657
"120"	-0.365209934298508	-0.0157285111960039	4.32103471902915e+23	-8088321.42284492	-8875152.2445407	27691722.873243	161492534.521338	744768.302201826	-14332041.7097157
"121"	-6.61005374828275	0.981927204148638	-1.07333373327142e+25	203133532.606896	131907131.560113	-4485375.0438194	1248389847.8567	1167420.13727529	-171522860.731114
"122"	-6.11122377256566	0.394827885220646	2.21452266131019e+27	14598934.4707932	65236827.7927162	-10148149.2426096	550291957.120631	488883.345378922	33078527.0708515
"123"	-10.1242328583371	0.12933553596425	1.60245031445164e+25	164595883.092211	164542788.299132	-2630062.59093169	1350678944.24008	1646845.26517898	-517089797.8609
"124"	1.06890977113892	-0.107054081474218	-7.53992437929401e+23	216786168.4503	25586820.6952911	9533829.21125955	554101946.89081	-504432.887163042	-214035515.359358
"125"	-0.503021202150639	-0.300858829285984	1.98273476826902e+25	445606131.955409	28257738.5554083	-3492312.09218942	581719188.655126	511580.972138431	-104589762.45527
"126"	2.33456342780042	-0.231287764519292	1.09898704985761e+24	141729403.249961	-206858.746098546	8362088.367144	324324734.712371	1022581.18275017	-5347175.92096759
"127"	-0.915846938750506	0.496078433874849	-1.57406616723061e+24	-23457586.8575884	-2453563.91336569	9634254.3069008	1066504521.60412	1527539.83497001	-105852413.084747
"128"	3.7868621471538	-0.121371288960213	2.30495891020691e+25	112164571.324547	13634437.2473627	1295821.03863955	557089992.99041	1602607.18128348	-263353749.32844
"129"	6.68824123186174	-0.433043063528636	2.12988114306434e+25	153470958.658061	86726846.3907775	4741853.47398999	623005283.429187	461388.708049967	45987478.4576876
"130"	-0.890836728411138	-0.165954434438488	-1.61329417177347e+22	79992026.8222867	-3227430.79403791	15257834.9333514	95275597.8169775	710208.888992664	-36324732.7431635
"131"	-5.34512720230953	0.910344916119804	-1.01721656855031e+25	-15464605.862016	-15740432.5499449	3510548.79023297	-5628047729.8983	663464.777441885	-428074892.487114
"132"	1.73203406755897	-0.17537540252141	-8.20208977795948e+25	-250410318.106655	114551307.175754	6253963.42656824	2445441030.07376	2947937.73593883	-5561109.51369405
"133"	6.29976868707132	0.101873290765891	6.3298023131138e+24	967477804.33442	4368734.29831786	-284996.985389933	1610763760.85773	-351106.036331254	-7712154.27569518
"134"	-1.19219116786116	-0.351244273128539	3.17444930322324e+24	209284235.009864	120393338.063995	2930811.08523664	133841079.366439	642818.135496855	-142638402.861707
"135"	-3.24643658560992	0.345091952808745	-4.7031583721389e+26	239642091.254209	6259424.47660539	2696333.0947341	1117115250.82133	1709267.85928205	-79582005.4035837
"136"	-8.92330871410963	0.929819588125175	-8.32904592343727e+23	917231636.973564	-34790978.8862447	-817834.54434259	-419404431.886585	515922.081476256	-41737204.1335554
"137"	0.0416206733582713	0.0519860848493341	7.73541866287449e+22	-201259809.887256	7193942.13640058	19631876.7539818	68098890.4107869	713697.122946885	-22482439.9803128
"138"	0.730951558501914	0.0526929627149112	-1.84066731189461e+22	358658783.288876	-60906308.0164411	15211450.3611076	2420611562.72442	-240866.054193593	-39340534.1952795
"139"	-1.11376191965546	-0.0259801908398126	1.51145763583145e+24	250339176.693006	-2671883.25715811	54735974.5504021	-267414095.998194	-511262.560852785	-38337895.3786648
"140"	0.012164590068073	0.211165543725708	3.30585722846997e+22	-226501172.011756	90484061.4990067	12101329.3316512	-2336727659.62561	751205.5930441	-414158675.147659
"141"	2.53937876600056	0.138668728350206	-3.02867731760519e+23	167929792.044433	3373758.89127678	7298329.95499315	-7779576000.62802	260865.753180921	-88782451.7391863
"142"	-1.39823491270698	0.0730358821425605	5.75379783795628e+23	418272745.6479	-22653321.3468557	9166702.20397216	4431450924.66547	660351.002037264	-58087180.5404544
"143"	-0.212528831614148	0.0516660072003525	2.43278490170171e+25	47260845.633063	117260773.5103	11884996.7400565	5260296423.39767	-24456.6467108159	-101785324.88246
"144"	0.651809833231399	0.776073088195423	-3.36144754415029e+23	-27702032.111527	17804817.9169522	13624565.3168512	692717088.357596	262857.603173802	-87283043.1722078
"145"	0.630103497139841	-0.167487254701471	-1.47959073131033e+23	-207070946.861296	25460316.8648026	7417427.86810826	-1025018369.80488	1264827.84285583	-189545677.692849
"146"	-3.49109732030757	-0.16460914053593	-1.66535316137427e+25	27790523.8297951	133024143.089846	3221502.8789921	1564026472.57125	2162319.34548187	-80862374.3574491
"147"	-0.103665073410645	0.0343907422035298	-1.97768488875048e+23	3530359.97102759	-24243345.2542764	-67376942.7527842	-92906908.7412769	79238.4655640863	-32226431.2662043
"148"	-6.30148437545433	-0.304952303783648	1.18486643114545e+22	410994437.123982	208658066.460671	-8914868.97053403	1732567194.36861	799815.711483275	-100854687.957132
"149"	1.5737405876366	0.804096021974566	-2.81002929971847e+24	446002066.298218	137606863.917312	-4598946.82049103	1472227739.24264	1120944.67726793	-77269708.0295638
"150"	-18.3071346094402	0.63142147962932	1.07342233974552e+26	404120797.997776	106787409.910053	479720.916803012	1866391098.70788	1080835.21520191	-285595291.172132
"151"	-13.936016317246	0.380571275700566	3.32827487026618e+25	388953005.893265	95050666.9730794	-7896257.33487634	5146167308.02184	571929.709540439	-88507175.7372413
"152"	-1.44632384857414	0.695741738157282	-2.92683536092315e+24	-285277647.585382	208257365.285387	9141210.73337336	1409070321.14445	1576521.80106145	130871802.174159
"153"	-0.275827215738565	-0.106569063751129	7.26913748673269e+25	-176166108.410194	79907908.286539	8892033.07600566	2875617664.02026	1352336.89283457	185018106.32976
"154"	-3.5081495799629	-0.539565898145079	2.90498684882537e+25	343562671.47463	4623188.82636844	614699.907004373	-2077209801.3446	1509407.71242297	-51388817.2321657
"155"	-6.97664865921677	0.843813911673163	-2.25600028338541e+24	23838.4202339058	8749583.84065684	-201164.277477316	769289330.901439	716001.384686292	-529471597.117148
"156"	-7.29173862763835	0.372126452866509	4.88241681426287e+25	149887426.490159	121398131.977364	4626468.59947296	1377755689.08711	496555.16702412	310994184.970716
"157"	-0.258202824781535	-0.0258386198824661	-2.40307390647432e+23	63355193.9355182	-7261016.7661159	-62233891.2338382	140326447.943004	-274133.872946992	11407922.743481
"158"	0.0100607160167892	0.0592246701080053	-4.02039901822688e+23	-102418055.549164	32859820.1598236	52832234.7259607	208589651.488718	347010.728143264	41137515.2554217
"159"	-6.97189130506318	-0.130769987527739	-3.70816131516854e+24	409194686.736645	-23590065.6984772	4918648.42857246	210095362.804316	407172.177273385	-53050603.6455206
"160"	4.43727385031978	-0.0461415519254046	7.79722283243797e+24	470285736.186452	-40584891.9496146	6698605.38545888	-959411952.682818	456617.087905977	-35520470.9752709
"161"	3.2792799248194	-0.179367730208487	-1.13772514818862e+24	21233611.62744	-19730278.9560886	1538974.28564973	3351513205.95771	1015918.39911748	-79029303.9977383
"162"	0.888333126771681	0.140648829444675	-2.95474499524708e+23	148294235.073325	-26285819.4105	9772865.74180855	-3380215876.27024	1530400.89582151	-18570655.1542721
"163"	1.23734659282656	0.0715676428886557	-9.16927969961665e+22	105723380.861537	-41853156.4103877	9931447.62735366	2040200928.75513	2283521.06737525	-37333847.992573
"164"	-8.05686748082719	0.526238286291808	-4.85089356506237e+23	155655331.583257	19214268.5224515	3512878.00758971	685037081.153299	1598061.4327936	-38399060.0814005
"165"	-1.9469884272835	0.132638899394678	2.61669836594028e+23	55625902.9337575	-11793082.5408749	1058892.4286099	1586585685.0539	1307912.35388122	-120875410.276135
"166"	3.12794970185785	-0.217195190556481	3.00548166446456e+24	-6988096.51543355	33670696.83223	5848571.09236658	344817440.348893	639446.793934222	350312670.185433
"167"	-1.91736630409483	-0.0221263798611059	7.13608418935889e+23	92457681.5974745	-15944112.2515989	11934178.453362	170592855.504315	923980.395164706	-27593755.1320209
"168"	4.36506881232222	0.0425762021242943	-9.00340415834762e+25	596401942.636402	-39039335.7533485	5150553.21872392	193872841.797058	838532.829265523	-26863058.1998516
"169"	-1.33252137926753	-0.12200628468851	-1.69647217876774e+24	29763557.2253271	46869294.3102323	5964194.45852766	3305784593.92354	703375.964352479	-202654141.529353
"170"	-1.36172259467037	-0.184210031198361	5.71433856302089e+25	313421057.582297	105963020.304486	-4823203.95006521	1593484857.40711	688621.895363808	-107092821.209595
"171"	-18.4632244815522	0.207255713524264	-6.15571976834457e+25	737277321.027727	-12854544.8010893	541327.448466141	2413362785.66887	1178635.03162491	-88610588.6141356
"172"	-3.26412393981894	-0.0664922086611807	-5.35982542838204e+24	263333839.762308	90989214.9675055	930135.037101919	791719537.30391	-224374.878900773	-154249112.601555
"173"	3.27501632381047	-0.14491526711121	2.38552865231781e+23	569482494.6157	-32884301.4782917	5665999.22539972	139119149.232188	1198408.24240436	-50126454.7075267
"174"	8.42086048684737	-0.0107224622519898	7.29676457643028e+25	595869467.274497	101949667.813886	-11840261.5952498	2094825756.95506	507566.320536575	-45232537.5232703
"175"	7.36241248485395	0.106441822945812	2.50363081782093e+23	333392947.850762	-21427612.1161512	5015650.22617224	4116205843.70906	376798.921497775	-73803884.4920797
"176"	4.60953343785834	0.631747764690619	-1.29922329989922e+24	177075496.604227	109912143.007644	7751522.89629129	1062018548.84026	363654.343045024	-712221913.251706
"177"	2.71242598502731	-0.372763397032507	-1.0383573829675e+25	130886211.678446	13748878.7766803	4338044.56000501	69200326451.9181	1605086.42504976	-72416431.0641815
"178"	0.298455420458112	0.152429886547098	7.06997555742346e+23	59553174.9676789	77723700.4430779	12800474.5807272	393709373.9757	302218.078519158	-39487948.2122601
"179"	0.129095230215933	0.0109017195400627	1.7360564055037e+22	2652320.97988364	-28334069.8859638	-51244822.183569	-55781734.1041497	-62923.7321972501	-15980084.6949729
"180"	-1.00333475125511	0.278124778857809	9.18635430741024e+23	11328806.420451	41294727.045257	11066778.9542751	1399676638.00883	2704344.20801049	-84683589.7914178
"181"	0.0725236643284201	0.149509654154842	-6.58348668056233e+20	-232676344.596232	35695547.2592189	-196007579.529296	-129101648.85211	503823.643844547	20682005.176345
"182"	-11.8098499015759	1.25273333810309	-2.19085464312563e+25	285067888.940369	109512353.529372	-8228210.0510939	1375296036.84281	897713.416646229	-98307286.1272027
"183"	3.51799523772208	0.18943977651175	8.94608951075948e+22	-71401147.8874809	6520428.30528332	12580619.1576309	1281583702.54696	1445388.08953908	-123247811.878804
"184"	7.77381998173026	-0.332204238777887	-4.28212774453443e+24	-127338579.745763	2911308.64257635	957708.436617365	188001155.94953	1231985.64439254	-45333710.1075745
"185"	5.77743588464951	-0.0631355515910116	4.21196305146759e+25	275350627.072285	111327137.044537	-236721.36351043	874847148.953743	439910.142319393	-130819420.942156
"186"	-1.26366708271081	0.504911045687615	2.49250318077803e+25	-260490126.514721	84685571.0573889	5339824.61893522	-287727666.855712	2421464.7273874	87110582.9876093
"187"	-1.84969953225483	-0.421039070747162	-2.23769835264723e+25	161578249.247228	82831224.021893	1027348.05897306	715813343.95732	413531.136483172	77894553.9184203
"188"	-10.6382590822463	0.0134391396534913	5.28719846644674e+24	388678904.579059	156355690.715343	698666.296448741	2072504935.07312	895840.011712123	-295462400.81572
"189"	-3.513242703113	0.153075097161256	-7.39987772737538e+23	405352071.955169	-24711634.9835054	6357119.56210334	706402013.348892	1244068.03829739	-53181792.87567
"190"	-5.72859673093304	0.0429617166850046	3.8472444731242e+24	249161758.294965	-50379310.4643709	-309278.814979204	1046599852.09122	1718355.45663407	-91155499.2140553
"191"	-1.32413967874298	0.224539835810631	-1.76181842103033e+24	198851745.427913	114942079.894831	8896804.8303975	699847627.192995	-134364.565444702	-48557004.8836072
"192"	3.49002270817301	-0.620919941225755	-3.99575817129305e+24	-45049693.710294	46114476.2435429	6383017.53075562	2417455322.88748	1349356.66885681	-308819919.289961
"193"	0.295154081960243	-0.212078886046284	1.10067057153489e+23	-74552672.2947768	-22991699.3950641	24043698.3193333	-270537669.013018	565216.499627272	-39288343.5473075
"194"	-2.37969935876595	-0.0305392073976832	2.8304918042106e+24	11045141.4356618	-3935724.95150431	8312004.73340661	-1275405092.22702	1189191.80280894	-98613252.6212149
"195"	-10.6857112069213	0.00435022605546249	9.77956419007758e+25	90265125.5452889	238631265.287348	1547541.56270829	1810890465.61768	1289977.04273309	75675944.8746411
"196"	-0.295943938517504	-0.0273293563091879	1.5824718851185e+23	-112729313.982457	-83579.203551378	21037870.5261585	-435177985.964823	429768.845217532	-19285246.2037837
"197"	-2.66224623267139	0.547754390518459	-9.87592870519539e+25	246586086.700744	100310075.998464	-4039602.94667538	960276255.241749	740684.720581933	-78602634.2662779
"198"	8.93140080148784	0.283277987629	1.44351536296122e+24	698583476.711994	-41744338.8677342	2371992.56884526	-107114819.819529	769694.306501877	-62915532.6947035
"199"	1.64916622853005	0.162751531729619	3.08859748718788e+27	144209231.21371	-1783312.01055401	219990.711502356	1151026726.25162	1561153.87558524	-156154177.257793
"200"	0.107138613587986	0.0922312771109601	-1.37073661944757e+23	-80767114.7583858	69085880.7983752	13376423.9155855	1761879989.03246	2033844.87880454	-101844324.9091
"201"	-0.778695261921485	0.237638472988298	1.14069162924198e+24	470440001.647768	-20130802.5867486	3265856.30541312	4279467070.3989	1164668.61164397	-45105126.0986397
"202"	-2.16474245775754	0.0252721953605138	3.74326794015442e+24	145397086.988783	11350912.3421743	10308624.4623642	15858389161.4949	1286079.35707657	-87885876.7671857
"203"	1.40865016774436	-0.370782487968856	6.7423253865613e+24	329176620.558882	-16705068.0450498	4754431.61267683	172249254.57257	1470209.67876926	-12296190.3355246
"204"	1.24253733302427	0.131193383248903	-4.48617367447332e+23	71342212.2077709	-3047339.25382602	6287332.17602216	387565679.182482	500176.495877873	104044813.471187
"205"	2.32438918689384	0.252489892185247	-3.88761130408677e+24	298103610.513865	-18890542.7519463	12296285.8793248	950133554.74068	799929.453454128	-95837002.0023756
"206"	-1.13195603564968	-0.635631257120967	1.63076700192766e+25	176832911.573461	33779483.5049048	219431.681111431	558290834.412558	28696.0729189988	-159905743.325912
"207"	3.78647459754192	0.40646524475591	-3.97877826010284e+24	203322439.246575	286082514.914059	-1778551.20046712	2226043709.42781	1061821.05897591	-155180899.447563
"208"	8.04517917033398	-0.199425314351719	2.2820061035548e+24	86138639.024866	-47837516.0950317	-277011.704743571	1307046086.82335	1519744.52941967	-59485645.4826897
"209"	-2.93021484932959	-0.202001382696626	1.4129786339711e+25	180027880.950859	35730648.7432513	-396266.822562554	7737949465.80082	1278657.54549929	-29406776.554431
"210"	-2.54147121939308	0.601799573902633	2.89295001671748e+24	179071158.14116	-29834864.4472931	2460129.26831945	297879575.61704	1579591.29868202	-55819399.6558537
"211"	-0.622257194567028	0.0553890866718819	-3.11605716915973e+27	167771715.693614	118499671.575634	-404295.419222995	1647123230.59972	1304299.3818958	-49793718.2327002
"212"	-1.16574224794685	0.167070834748669	1.89565758167915e+24	681083519.988293	-42760650.881325	6082207.86282366	-1061151802.28193	-102957.266749223	-23241375.5296431
"213"	2.0597477770106	0.417731823644222	-8.85703968072446e+24	-49556158.202481	1530962.03691374	5720203.44248178	998329557.887252	2369818.41353297	-198352349.447179
"214"	-0.413472717612652	0.0952351604933319	-7.02542560569829e+22	-17866831.8985376	37876278.6691623	10383567.4856138	35316031099.2403	587249.21554366	-116915950.720015
"215"	-6.51750255447117	0.178352944266097	4.51673394989963e+23	14625726.073705	9019270.49730329	2100387.31273277	1423346894.78791	1326722.85115066	-137384907.053404
"216"	-3.8625733162505	-0.239758553804222	8.39266137093374e+25	238707556.711931	40832814.7768249	-685153.769773873	798477540.156866	320804.687496484	-32977618.2042615
"217"	1.18197565186433	1.70022270599404	1.37347770011061e+25	455920697.233931	142829799.412449	-4985612.69299639	531580991.829607	197303.430940858	-136349345.104642
"218"	3.77526710750708	-0.308690194792385	-2.95298809002781e+26	500958471.331253	18669825.0847874	-5756992.85807683	3144833270.74872	1128600.49086035	-47591220.403169
"219"	0.674267485806287	-0.549787744154537	-1.18133592357445e+25	-136386524.539605	67680381.3517977	-605839.909273542	238061228.521196	1289600.5853735	999819693.375313
"220"	-0.518406304965488	-0.319316914630387	1.34685014762134e+24	18300996.817993	64937888.858742	4520931.35777495	2484711616.59835	851165.944206977	-178416947.35204
"221"	1.83710534440376	-0.577520911517591	4.2727467684329e+24	312858528.029772	-6862276.1887829	4937699.76075552	348343447.210966	-69370.7012173361	-5674292.83353879
"222"	10.9293153323559	0.107248784222352	3.25884436959528e+26	818403875.592014	510618245.278819	-4671194.89466751	3709486557.74332	556778.509524776	-73603182.0862621
"223"	1.32052512919726	0.268320374309045	1.08579459389705e+26	145814150.522479	63947850.4740305	4415576.30339623	1505088786.63364	1550469.02677939	-8819927.89138847
"224"	-1.08389890989652	-0.115402677220481	-9.16472670395127e+23	317395839.318987	-29429946.4103865	9178275.4007071	94251350.1288508	-462636.24739568	-16260417.7267409
"225"	2.92160582103667	-0.289011744929762	-1.30160788102464e+22	-134239517.291723	-450888.956129204	7452421.53824835	-52249965.1686166	2117570.3507832	-79406831.9840358
"226"	1.50625205891102	-0.671364291229204	-8.4570737985512e+25	54652378.5175774	192702107.687814	1416358.45915247	2514611226.12835	1434230.52162257	3356533.30259773
"227"	-2.60528970095276	0.376343054949445	-1.85812822512982e+25	-163936619.289977	56729812.7108813	6328529.86581716	201844533.567197	2545393.30565228	232108259.403645
"228"	6.01217716462885	-0.410097658344802	1.1713825111789e+24	247523577.995136	51497184.3779399	3011185.91136766	-775996415.847182	916053.486761781	-99990943.5649692
"229"	9.20590080064859	-0.229519726191172	-9.870668464589e+24	30181105.3263853	39305750.556893	-2001839.10561503	2106919988.85319	1520573.10586843	-33076656.0867266
"230"	-0.511621542524232	-0.0715850064716087	-3.30739670637985e+24	122618403.345001	-20555758.405472	22772156.2926757	-514862750.319509	702730.579964229	2797417.09731387
"231"	-2.56500729886272	-0.820889243304397	-2.51941841861879e+24	-34109026.5295	41323145.7932563	4123875.43167522	-6682216129.4298	2083403.68336879	-70818156.8955517
"232"	-1.7440038486011	-0.34279888773631	2.07413556626207e+24	493785683.595898	-11285194.6349191	6243722.27059591	443341740.172635	1099598.29129659	36691411.7805536
"233"	-0.0143652609530155	-0.205849514485023	-1.49756529419121e+25	130728080.298162	-13911334.1481004	9809589.83425225	-218461799.850041	793720.99409202	-31163143.3976992
"234"	18.630237480658	-0.643833521369823	4.2170342006705e+24	307417569.980884	268045862.153	-3926836.81007927	3889052668.70554	696584.814885484	-212086385.494273
"235"	5.30328506039903	0.297036057852536	1.46116626451915e+25	-92125829.2542637	133537510.585892	1498230.42941279	2091256470.26403	1281809.44856855	122451548.359539
"236"	-7.09748702452841	-0.29273487566971	-1.61613541158086e+27	388684593.051534	-25603549.1332747	8476804.42468747	126716794.3287	3167301.71172885	-36175244.4055887
"237"	-0.815452018230497	-0.207857685045903	-4.98398622883299e+22	231522663.56079	54101451.5688641	3730221.85773167	2423301783.75603	1432275.4836533	-135725031.08559
"238"	-1.97152141423192	0.748062612188236	-2.20698850062113e+24	475811889.343241	46208944.3414258	5929571.31417872	1955695237.45658	-570050.110996616	24114191.236834
"239"	-7.08757697689422	0.284995590106803	-5.4329373950123e+24	224907687.722091	25687479.9569195	6322598.71194302	1627794349.01058	2011163.7115786	-165667582.926669
"240"	2.74917943206109	-0.104217668520653	-2.73576639388373e+24	154045668.779468	30720429.4418881	3896719.91710798	533536838.938627	317302.605286657	67241786.8082211
"241"	0.966696810108948	0.2354001627213	2.93311983198389e+24	358748826.344841	38674357.6215313	-1141670.81238304	1225499683.05367	221546.982335973	-81678271.7292114
"242"	-4.71539577713814	-0.15901429346122	-9.23884822167453e+24	313568766.497027	5293277.81366948	6296220.60027976	2915910590.11309	2647648.69475057	-12127984.7517709
"243"	1.66495929942808	0.00312653770584651	-2.67790126701308e+24	-120602890.812393	37245493.7107496	4450951.139036	256836707.900358	1475335.93984174	-30317213.6644485
"244"	-1.42111782160516	0.527922888595435	-6.31988258798206e+24	203674359.789746	11147377.7519589	9197204.3102181	965896544.729412	18772.2285115996	-537371260.663689
"245"	10.9956916052986	-0.352379820795241	-3.04859139470377e+25	433529938.264771	110301759.029057	-11250086.8622718	2127147782.85909	886832.840033532	-70540566.8381813
"246"	-1.06948246352115	0.228558613054056	1.62561560851028e+24	-154860719.88692	23974358.0759793	6121143.07190429	1543882803.75824	2446025.58154068	-54426576.060612
"247"	0.0679980413022825	0.292253546460211	7.13492907928468e+24	112912291.514423	45881426.5513482	13024317.6095	433512881.910189	299920.754588992	-12317911.297382
"248"	-2.76695290502478	0.31203231090064	2.42000026378058e+24	48427685.3509545	55131291.9428608	4048976.38330855	1600875115.26293	1375682.74100808	-149584755.694295
"249"	1.74021479677748	-0.231543364360526	1.61464612913194e+24	687149271.378583	-5159886.30730326	4658634.76182979	-1048137491.48628	-471652.381314118	-100158803.826503
"250"	-4.60808630074618	-0.117922069013254	1.14146560691663e+26	582190202.548371	9728062.72918224	-8557990.25094951	1386698311.23206	541556.99834809	-37371485.6007644
